38
0 765 557 734 729 17 247 745 951 862 750 261 291 714 46 362 285 710 626 488 258 502 74 90 677 700 308 572 426 923 148 953 288 509 139 374 26 877
765 0 7 132 921 332 699 65 576 141 233 512 869 228 463 581 150 10 289 579 81 611 452 926 964 889 285 162 321 554 798 638 119 740 236 564 776 724
557 7 0 425 526 542 516 466 577 430 911 600 401 100 461 200 300 413 419 911 633 78 598 963 756 425 281 227 797 384 903 523 901 638 913 245 734 824
734 132 425 0 898 138 148 601 776 558 507 705 847 847 112 899 316 282 42 102 702 474 198 508 171 459 263 725 973 762 154 770 568 838 18 199 489 199
729 921 526 898 0 476 102 446 640 810 507 623 328 252 410 540 140 898 649 327 381 268 218 356 720 868 856 224 224 818 2 630 437 3 340 138 481 909
17 332 542 138 476 0 232 403 106 590 147 590 767 293 823 458 671 477 66 342 610 730 438 186 870 78 359 187 929 835 673 962 296 321 632 947 912 734
247 699 516 148 102 232 0 434 122 111 869 639 658 955 588 721 298 948 64 184 630 473 321 952 919 227 780 618 960 1000 825 896 101 209 980 212 447 880
745 65 466 601 446 403 434 0 894 289 548 214 544 900 929 706 34 820 971 832 497 166 653 942 105 346 783 153 768 435 117 992 760 5 587 732 525 407
951 576 577 776 640 106 122 894 0 21 123 894 650 994 935 997 115 377 13 766 643 415 879 742 247 214 616 536 685 14 643 503 66 146 579 654 239 893
862 141 430 558 810 590 111 289 21 0 298 450 326 150 786 331 704 354 525 912 426 554 735 913 17 10 825 952 588 94 31 967 920 536 185 976 131 834
750 233 911 507 507 147 869 548 123 298 0 227 634 133 200 603 565 475 358 623 171 7 563 430 193 692 918 683 803 25 308 502 42 404 395 643 566 807
261 512 600 705 623 590 639 214 894 450 227 0 592 794 620 50 217 402 172 915 120 178 178 961 893 236 862 309 429 797 150 192 574 801 805 638 922 636
291 869 401 847 328 767 658 544 650 326 634 592 0 869 712 696 196 373 366 530 249 648 549 466 920 569 378 992 906 56 581 373 725 274 564 759 14 514
714 228 100 847 252 293 955 900 994 150 133 794 869 0 914 319 991 818 738 51 247 97 163 575 737 632 543 277 707 443 689 195 113 549 38 416 528 125
46 463 461 112 410 823 588 929 935 786 200 620 712 914 0 864 350 771 98 920 203 523 631 181 679 944 309 839 142 128 318 147 312 698 790 316 364 583
362 581 200 899 540 458 721 706 997 331 603 50 696 319 864 0 333 936 243 921 368 327 816 664 426 264 506 335 138 984 603 740 516 780 920 363 581 822
285 150 300 316 140 671 298 34 115 704 565 217 196 991 350 333 0 251 954 785 690 87 307 321 901 917 872 282 112 165 609 743 886 627 499 434 800 372
710 10 413 282 898 477 948 820 377 354 475 402 373 818 771 936 251 0 485 964 615 49 226 107 767 341 756 54 732 414 951 505 541 74 807 639 260 531
626 289 419 42 649 66 64 971 13 525 358 172 366 738 98 243 954 485 0 302 724 373 174 413 68 245 163 361 393 476 632 555 326 887 59 94 384 950
488 579 911 102 327 342 184 832 766 912 623 915 530 51 920 921 785 964 302 0 236 629 400 67 882 65 247 873 301 979 214 316 156 736 156 440 693 850
258 81 633 702 381 610 630 497 643 426 171 120 249 247 203 368 690 615 724 236 0 215 384 439 494 788 362 276 745 499 269 672 810 758 556 674 181 392
502 611 78 474 268 730 473 166 415 554 7 178 648 97 523 327 87 49 373 629 215 0 191 608 358 986 936 7 995 357 901 889 652 274 765 801 585 355
74 452 598 198 218 438 321 653 879 735 563 178 549 163 631 816 307 226 174 400 384 191 0 905 257 700 633 968 39 816 713 155 122 260 13 797 346 253
90 926 963 508 356 186 952 942 742 913 430 961 466 575 181 664 321 107 413 67 439 608 905 0 84 147 66 415 101 908 851 119 477 479 694 943 335 34
677 964 756 171 720 870 919 105 247 17 193 893 920 737 679 426 901 767 68 882 494 358 257 84 0 389 127 387 532 258 310 992 822 68 970 370 152 618
700 889 425 459 868 78 227 346 214 10 692 236 569 632 944 264 917 341 245 65 788 986 700 147 389 0 654 400 333 764 517 243 828 144 509 993 923 700
308 285 281 263 856 359 780 783 616 825 918 862 378 543 309 506 872 756 163 247 362 936 633 66 127 654 0 215 239 268 56 563 855 380 52 133 454 519
572 162 227 725 224 187 618 153 536 952 683 309 992 277 839 335 282 54 361 873 276 7 968 415 387 400 215 0 214 292 917 477 392 146 894 71 371 801
426 321 797 973 224 929 960 768 685 588 803 429 906 707 142 138 112 732 393 301 745 995 39 101 532 333 239 214 0 84 354 14 540 398 985 565 343 43
923 554 384 762 818 835 1000 435 14 94 25 797 56 443 128 984 165 414 476 979 499 357 816 908 258 764 268 292 84 0 611 384 322 791 601 180 163 483
148 798 903 154 2 673 825 117 643 31 308 150 581 689 318 603 609 951 632 214 269 901 713 851 310 517 56 917 354 611 0 849 589 690 586 694 50 617
953 638 523 770 630 962 896 992 503 967 502 192 373 195 147 740 743 505 555 316 672 889 155 119 992 243 563 477 14 384 849 0 581 65 363 696 292 436
288 119 901 568 437 296 101 760 66 920 42 574 725 113 312 516 886 541 326 156 810 652 122 477 822 828 855 392 540 322 589 581 0 551 336 24 133 499
509 740 638 838 3 321 209 5 146 536 404 801 274 549 698 780 627 74 887 736 758 274 260 479 68 144 380 146 398 791 690 65 551 0 564 637 77 207
139 236 913 18 340 632 980 587 579 185 395 805 564 38 790 920 499 807 59 156 556 765 13 694 970 509 52 894 985 601 586 363 336 564 0 465 142 229
374 564 245 199 138 947 212 732 654 976 643 638 759 416 316 363 434 639 94 440 674 801 797 943 370 993 133 71 565 180 694 696 24 637 465 0 373 516
26 776 734 489 481 912 447 525 239 131 566 922 14 528 364 581 800 260 384 693 181 585 346 335 152 923 454 371 343 163 50 292 133 77 142 373 0 388
877 724 824 199 909 734 880 407 893 834 807 636 514 125 583 822 372 531 950 850 392 355 253 34 618 700 519 801 43 483 617 436 499 207 229 516 388 0
132
6 7
11 20
1 34
21 32
10 6
25 23
3 5
35 17
21 15
38 20
6 15
32 8
25 8
30 9
16 3
12 4
8 8
2 14
33 36
31 2
25 11
24 12
24 7
33 35
29 34
12 13
26 21
21 26
30 15
5 18
6 32
38 17
27 1
25 15
16 7
37 23
6 19
26 30
18 13
19 1
33 35
8 37
2 32
21 28
21 12
8 10
15 14
36 19
12 9
1 36
25 35
29 31
2 32
30 36
19 8
37 29
25 14
15 11
25 19
22 25
26 37
14 11
37 25
6 7
34 2
22 10
22 27
25 3
12 37
28 8
5 7
35 3
36 27
14 6
7 35
38 34
37 1
38 21
13 6
18 23
7 38
9 29
33 22
18 23
28 28
3 34
37 27
25 17
10 24
32 26
19 5
6 10
11 8
37 29
28 5
8 21
9 19
38 29
33 5
28 8
38 8
32 19
3 31
19 28
33 15
10 35
28 14
38 38
17 12
28 30
11 3
9 12
8 21
17 37
21 30
20 21
34 5
22 12
13 28
6 36
23 34
27 16
26 26
34 21
16 35
33 32
10 21
22 10
3 21
35 30
22 28
3 34
37
0 457 52 47 535 626 532 607 395 726 582 527 237 440 999 13 396 200 133 328 122 21 612 650 545 559 791 786 400 374 243 194 274 176 353 570 431
457 0 193 319 345 776 480 894 547 779 934 220 171 67 38 614 91 603 77 787 986 917 172 521 616 50 168 858 595 595 81 93 954 384 323 13 100
52 193 0 818 583 21 955 410 467 282 616 309 18 217 355 783 706 215 613 301 937 413 237 745 423 48 791 563 262 645 73 323 902 913 535 293 844
47 319 818 0 411 804 963 118 349 863 969 369 15 518 600 20 463 836 611 881 918 144 498 241 417 71 582 927 80 466 396 791 488 405 96 555 63
535 345 583 411 0 506 775 385 529 910 590 1000 194 256 854 366 232 95 203 462 671 276 151 804 701 89 628 982 732 702 134 669 66 835 133 802 296
626 776 21 804 506 0 904 156 651 697 513 432 351 926 154 76 930 267 237 613 699 126 316 334 144 142 273 82 273 694 403 434 81 363 3 386 690
532 480 955 963 775 904 0 215 347 331 534 530 380 601 409 7 435 621 640 591 497 993 603 167 699 357 659 49 53 613 70 28 442 761 536 330 981
607 894 410 118 385 156 215 0 825 509 125 2 288 996 835 157 403 241 648 540 364 44 29 206 604 810 116 215 654 432 923 145 209 569 563 108 623
395 547 467 349 529 651 347 825 0 8 659 669 854 56 783 177 853 927 137 819 803 950 702 124 772 786 995 806 95 605 963 431 707 205 68 7 816
726 779 282 863 910 697 331 509 8 0 275 597 262 623 607 462 873 635 980 211 994 9 393 272 290 715 344 830 174 207 313 219 70 713 375 427 616
582 934 616 969 590 513 534 125 659 275 0 182 977 202 826 635 738 822 687 612 421 858 590 734 186 578 122 4 978 17 590 429 890 53 462 530 511
527 220 309 369 1000 432 530 2 669 597 182 0 816 948 795 265 833 560 191 293 283 715 516 506 462 767 73 723 286 961 401 325 89 267 452 873 364
237 171 18 15 194 351 380 288 854 262 977 816 0 802 996 605 658 448 940 777 605 744 381 777 104 619 930 153 556 444 961 494 789 919 714 456 751
440 67 217 518 256 926 601 996 56 623 202 948 802 0 67 94 648 236 208 995 448 843 595 872 230 944 63 972 845 409 113 332 36 636 366 484 797
999 38 355 600 854 154 409 835 783 607 826 795 996 67 0 542 649 948 742 719 614 154 501 10 586 467 703 432 987 499 809 708 476 747 501 486 27
13 614 783 20 366 76 7 157 177 462 635 265 605 94 542 0 770 608 183 728 14 931 70 496 342 322 178 682 317 546 994 939 883 266 423 212 271
396 91 706 463 232 930 435 403 853 873 738 833 658 648 649 770 0 149 478 212 562 135 850 561 832 973 331 136 62 576 10 825 946 770 172 168 408
200 603 215 836 95 267 621 241 927 635 822 560 448 236 948 608 149 0 701 355 865 273 795 118 956 345 845 605 635 226 177 371 382 275 18 496 346
133 77 613 611 203 237 640 648 137 980 687 191 940 208 742 183 478 701 0 346 289 621 536 945 786 183 368 928 114 803 649 422 421 339 57 402 257
328 787 301 881 462 613 591 540 819 211 612 293 777 995 719 728 212 355 346 0 337 954 763 159 622 912 481 319 260 220 354 785 600 717 618 990 746
122 986 937 918 671 699 497 364 803 994 421 283 605 448 614 14 562 865 289 337 0 39 736 169 281 485 58 113 26 367 399 663 222 893 489 89 104
21 917 413 144 276 126 993 44 950 9 858 715 744 843 154 931 135 273 621 954 39 0 319 725 362 772 502 662 843 380 553 660 423 479 440 875 460
612 172 237 498 151 316 603 29 702 393 590 516 381 595 501 70 850 795 536 763 736 319 0 957 692 70 238 516 536 875 308 610 323 835 34 317 328
650 521 745 241 804 334 167 206 124 272 734 506 777 872 10 496 561 118 945 159 169 725 957 0 709 669 367 418 221 869 833 704 158 247 243 466 264
545 616 423 417 701 144 699 604 772 290 186 462 104 230 586 342 832 956 786 622 281 362 692 709 0 649 225 376 977 820 721 1 86 86 330 773 889
559 50 48 71 89 142 357 810 786 715 578 767 619 944 467 322 973 345 183 912 485 772 70 669 649 0 436 451 740 497 562 400 416 165 198 325 287
791 168 791 582 628 273 659 116 995 344 122 73 930 63 703 178 331 845 368 481 58 502 238 367 225 436 0 660 354 437 974 974 577 599 514 236 914
786 858 563 927 982 82 49 215 806 830 4 723 153 972 432 682 136 605 928 319 113 662 516 418 376 451 660 0 74 628 171 260 598 22 17 571 849
400 595 262 80 732 273 53 654 95 174 978 286 556 845 987 317 62 635 114 260 26 843 536 221 977 740 354 74 0 834 861 442 989 736 927 330 822
374 595 645 466 702 694 613 432 605 207 17 961 444 409 499 546 576 226 803 220 367 380 875 869 820 497 437 628 834 0 698 796 519 735 339 247 937
243 81 73 396 134 403 70 923 963 313 590 401 961 113 809 994 10 177 649 354 399 553 308 833 721 562 974 171 861 698 0 28 955 796 547 330 989
194 93 323 791 669 434 28 145 431 219 429 325 494 332 708 939 825 371 422 785 663 660 610 704 1 400 974 260 442 796 28 0 696 95 203 153 98
274 954 902 488 66 81 442 209 707 70 890 89 789 36 476 883 946 382 421 600 222 423 323 158 86 416 577 598 989 519 955 696 0 506 936 281 377
176 384 913 405 835 363 761 569 205 713 53 267 919 636 747 266 770 275 339 717 893 479 835 247 86 165 599 22 736 735 796 95 506 0 343 181 129
353 323 535 96 133 3 536 563 68 375 462 452 714 366 501 423 172 18 57 618 489 440 34 243 330 198 514 17 927 339 547 203 936 343 0 461 446
570 13 293 555 802 386 330 108 7 427 530 873 456 484 486 212 168 496 402 990 89 875 317 466 773 325 236 571 330 247 330 153 281 181 461 0 688
431 100 844 63 296 690 981 623 816 616 511 364 751 797 27 271 408 346 257 746 104 460 328 264 889 287 914 849 822 937 989 98 377 129 446 688 0
28
27 15
6 16
2 34
32 28
15 2
27 4
23 13
36 12
36 21
15 15
5 18
13 6
21 33
35 9
28 26
20 32
19 33
4 33
9 36
9 25
35 27
6 33
6 5
32 11
14 6
25 37
2 20
32 28
20
0 356 99 756 938 379 36 352 637 325 474 852 294 982 585 605 64 328 754 73
356 0 10 475 419 223 919 784 1000 830 894 451 547 790 694 200 62 612 358 548
99 10 0 267 617 134 261 863 329 803 604 287 984 396 13 924 895 385 639 989
756 475 267 0 588 642 547 127 381 173 209 467 693 659 51 594 727 193 715 73
938 419 617 588 0 882 507 619 290 934 861 777 464 295 783 575 527 736 805 230
379 223 134 642 882 0 198 278 63 729 689 948 812 346 449 823 272 276 326 31
36 919 261 547 507 198 0 340 752 697 400 377 451 988 794 200 234 476 963 905
352 784 863 127 619 278 340 0 226 711 460 103 248 657 438 181 727 963 295 430
637 1000 329 381 290 63 752 226 0 877 722 504 198 499 132 485 450 583 824 336
325 830 803 173 934 729 697 711 877 0 443 168 992 553 334 434 592 926 246 520
474 894 604 209 861 689 400 460 722 443 0 552 749 170 434 566 164 38 946 176
852 451 287 467 777 948 377 103 504 168 552 0 410 631 828 826 839 623 47 667
294 547 984 693 464 812 451 248 198 992 749 410 0 26 188 210 157 202 836 543
982 790 396 659 295 346 988 657 499 553 170 631 26 0 965 133 476 897 819 103
585 694 13 51 783 449 794 438 132 334 434 828 188 965 0 338 100 11 794 149
605 200 924 594 575 823 200 181 485 434 566 826 210 133 338 0 258 939 55 730
64 62 895 727 527 272 234 727 450 592 164 839 157 476 100 258 0 160 761 813
328 612 385 193 736 276 476 963 583 926 38 623 202 897 11 939 160 0 742 94
754 358 639 715 805 326 963 295 824 246 946 47 836 819 794 55 761 742 0 616
73 548 989 73 230 31 905 430 336 520 176 667 543 103 149 730 813 94 616 0
17
17 3
8 11
16 10
12 17
8 2
4 3
10 16
7 6
3 16
11 8
7 8
2 12
3 17
16 16
18 8
2 2
11 15
14
0 562 221 163 986 977 97 650 137 123 701 294 401 741
562 0 280 478 308 165 718 616 293 660 559 698 136 404
221 280 0 791 899 796 904 547 530 495 813 621 895 320
163 478 791 0 351 78 30 476 28 83 324 978 634 660
986 308 899 351 0 391 44 724 700 627 453 744 320 372
977 165 796 78 391 0 151 202 189 300 390 431 256 733
97 718 904 30 44 151 0 330 303 355 400 428 240 335
650 616 547 476 724 202 330 0 466 692 514 964 918 484
137 293 530 28 700 189 303 466 0 858 369 703 874 284
123 660 495 83 627 300 355 692 858 0 827 208 623 265
701 559 813 324 453 390 400 514 369 827 0 213 257 861
294 698 621 978 744 431 428 964 703 208 213 0 186 532
401 136 895 634 320 256 240 918 874 623 257 186 0 33
741 404 320 660 372 733 335 484 284 265 861 532 33 0
88
3 4
9 1
12 9
8 12
2 2
10 10
13 1
1 7
3 4
9 14
13 5
11 10
2 11
7 6
3 1
7 6
5 5
12 10
14 11
7 13
10 4
2 8
13 5
6 5
14 10
4 5
2 8
3 14
7 11
9 13
12 10
1 10
8 10
11 10
1 14
13 9
8 2
5 7
14 7
4 13
11 11
4 5
12 12
7 14
6 3
12 6
8 2
13 10
3 8
2 12
3 4
4 7
7 1
4 3
8 3
4 8
13 6
4 3
13 9
5 7
6 6
9 6
11 7
11 6
4 4
7 4
12 7
13 14
11 3
14 3
3 5
4 5
7 11
8 5
6 5
12 9
14 1
6 3
9 1
13 5
13 11
10 1
9 6
6 9
5 14
4 7
3 3
4 13
16
0 228 109 258 475 673 943 253 699 625 481 932 789 282 850 6
228 0 692 251 489 131 369 907 58 168 10 2 417 697 681 732
109 692 0 424 274 39 522 358 865 978 119 357 553 507 578 333
258 251 424 0 771 456 190 838 805 455 525 944 879 7 366 651
475 489 274 771 0 864 912 751 359 222 433 304 491 280 114 283
673 131 39 456 864 0 121 236 874 209 33 726 462 748 103 621
943 369 522 190 912 121 0 46 575 435 891 314 310 750 791 834
253 907 358 838 751 236 46 0 112 231 138 527 630 738 411 204
699 58 865 805 359 874 575 112 0 577 800 21 350 889 532 497
625 168 978 455 222 209 435 231 577 0 316 586 217 205 398 136
481 10 119 525 433 33 891 138 800 316 0 596 897 355 231 401
932 2 357 944 304 726 314 527 21 586 596 0 377 731 265 81
789 417 553 879 491 462 310 630 350 217 897 377 0 862 394 833
282 697 507 7 280 748 750 738 889 205 355 731 862 0 198 261
850 681 578 366 114 103 791 411 532 398 231 265 394 198 0 886
6 732 333 651 283 621 834 204 497 136 401 81 833 261 886 0
62
9 6
16 16
10 1
14 8
8 2
13 5
14 7
4 14
15 4
6 15
5 14
15 5
14 2
12 1
1 9
10 1
11 13
6 8
9 16
7 12
16 14
9 4
6 15
7 16
7 9
7 7
13 15
6 12
11 11
6 14
15 15
11 9
1 13
6 14
7 2
14 6
16 8
13 14
14 15
11 1
15 4
3 2
12 8
11 14
3 14
10 4
1 14
16 14
4 1
13 2
14 16
12 4
8 7
8 15
8 10
2 14
9 11
2 6
11 5
15 15
15 7
13 5
42
0 432 10 28 485 219 188 349 227 824 229 610 443 761 778 195 679 601 925 57 48 132 729 1 10 601 608 877 322 113 610 733 497 60 631 242 154 725 549 141 259 515
432 0 803 91 776 941 396 763 822 643 392 486 291 699 787 142 352 867 466 931 661 394 423 803 136 732 853 445 937 986 166 919 619 994 841 926 726 322 163 517 618 282
10 803 0 494 954 873 764 249 719 381 628 49 627 739 191 604 426 606 662 106 919 449 179 759 962 552 54 154 15 475 124 554 848 133 968 297 547 584 804 876 28 980
28 91 494 0 23 961 227 601 549 19 935 97 771 838 86 365 32 610 607 27 621 17 809 818 100 722 69 714 68 487 686 294 284 333 534 476 874 599 82 297 827 985
485 776 954 23 0 864 391 822 310 919 413 519 192 194 443 374 298 189 243 187 232 971 499 566 276 189 589 90 758 206 960 458 82 310 588 995 163 757 988 981 931 647
219 941 873 961 864 0 401 223 443 777 565 268 459 379 858 103 682 91 250 871 559 559 212 156 392 789 447 860 501 779 413 737 225 462 488 262 12 409 111 671 564 50
188 396 764 227 391 401 0 268 594 372 354 103 441 820 431 388 234 982 409 971 874 815 417 116 879 310 167 519 768 522 229 732 583 786 466 771 533 362 569 981 956 54
349 763 249 601 822 223 268 0 970 70 578 569 820 727 650 884 834 778 725 400 851 590 979 745 192 388 446 538 727 564 632 509 91 57 605 818 73 338 590 602 655 662
227 822 719 549 310 443 594 970 0 291 175 496 795 160 597 29 882 95 272 246 817 163 443 894 273 659 626 479 328 695 520 205 392 209 602 605 507 336 791 60 988 772
824 643 381 19 919 777 372 70 291 0 223 706 284 714 296 383 938 349 176 1000 388 832 15 415 726 425 379 994 765 324 423 354 155 91 645 791 121 840 751 453 437 392
229 392 628 935 413 565 354 578 175 223 0 355 577 522 219 615 802 640 139 762 331 414 757 963 415 942 865 942 894 102 583 326 393 553 858 82 385 358 440 564 717 298
610 486 49 97 519 268 103 569 496 706 355 0 485 861 132 337 300 393 351 401 234 243 272 295 71 813 516 423 905 56 38 704 902 798 722 637 23 669 256 29 344 380
443 291 627 771 192 459 441 820 795 284 577 485 0 627 76 465 530 902 884 83 852 194 456 435 10 428 529 459 803 675 872 8 595 18 693 66 704 663 726 122 248 880
761 699 739 838 194 379 820 727 160 714 522 861 627 0 411 68 416 352 661 882 565 1000 830 244 746 452 400 154 37 617 340 777 173 280 109 507 488 962 155 834 889 53
778 787 191 86 443 858 431 650 597 296 219 132 76 411 0 349 261 749 752 536 628 941 938 31 872 94 458 697 12 442 72 939 467 313 966 24 763 989 236 714 709 371
195 142 604 365 374 103 388 884 29 383 615 337 465 68 349 0 425 423 168 262 429 814 880 727 710 992 156 490 520 547 536 541 811 298 76 941 692 256 320 457 78 715
679 352 426 32 298 682 234 834 882 938 802 300 530 416 261 425 0 19 862 455 800 845 430 530 141 106 47 626 557 461 937 427 661 185 592 713 468 467 475 194 348 551
601 867 606 610 189 91 982 778 95 349 640 393 902 352 749 423 19 0 530 412 42 875 134 599 297 669 609 553 653 588 811 723 701 851 324 321 875 889 375 640 908 55
925 466 662 607 243 250 409 725 272 176 139 351 884 661 752 168 862 530 0 792 200 102 442 170 912 970 165 402 873 694 577 673 903 272 918 164 88 363 506 625 780 524
57 931 106 27 187 871 971 400 246 1000 762 401 83 882 536 262 455 412 792 0 169 779 268 359 446 170 547 875 989 870 459 711 182 324 598 154 295 476 708 652 664 771
48 661 919 621 232 559 874 851 817 388 331 234 852 565 628 429 800 42 200 169 0 310 244 970 488 58 491 786 987 613 856 423 641 300 871 269 437 960 267 22 330 26
132 394 449 17 971 559 815 590 163 832 414 243 194 1000 941 814 845 875 102 779 310 0 737 743 88 980 237 897 137 864 700 433 128 874 427 419 594 579 141 176 910 861
729 423 179 809 499 212 417 979 443 15 757 272 456 830 938 880 430 134 442 268 244 737 0 285 754 655 470 487 423 926 860 270 683 357 435 924 847 615 893 642 347 157
1 803 759 818 566 156 116 745 894 415 963 295 435 244 31 727 530 599 170 359 970 743 285 0 692 268 320 38 348 74 829 411 792 331 674 610 761 735 809 862 196 802
10 136 962 100 276 392 879 192 273 726 415 71 10 746 872 710 141 297 912 446 488 88 754 692 0 583 275 864 209 16 969 223 623 130 680 788 753 398 418 930 990 807
601 732 552 722 189 789 310 388 659 425 942 813 428 452 94 992 106 669 970 170 58 980 655 268 583 0 120 764 968 410 23 823 377 361 461 201 434 871 158 14 868 547
608 853 54 69 589 447 167 446 626 379 865 516 529 400 458 156 47 609 165 547 491 237 470 320 275 120 0 208 941 114 332 467 336 939 691 703 209 93 846 441 980 956
877 445 154 714 90 860 519 538 479 994 942 423 459 154 697 490 626 553 402 875 786 897 487 38 864 764 208 0 861 244 911 998 347 620 198 55 837 649 428 459 690 516
322 937 15 68 758 501 768 727 328 765 894 905 803 37 12 520 557 653 873 989 987 137 423 348 209 968 941 861 0 270 489 294 904 578 546 155 619 333 517 462 927 229
113 986 475 487 206 779 522 564 695 324 102 56 675 617 442 547 461 588 694 870 613 864 926 74 16 410 114 244 270 0 887 739 821 525 918 279 970 606 804 492 67 867
610 166 124 686 960 413 229 632 520 423 583 38 872 340 72 536 937 811 577 459 856 700 860 829 969 23 332 911 489 887 0 930 816 987 18 1000 926 218 392 706 365 595
733 919 554 294 458 737 732 509 205 354 326 704 8 777 939 541 427 723 673 711 423 433 270 411 223 823 467 998 294 739 930 0 265 611 216 640 747 292 27 587 367 853
497 619 848 284 82 225 583 91 392 155 393 902 595 173 467 811 661 701 903 182 641 128 683 792 623 377 336 347 904 821 816 265 0 29 349 799 198 972 401 861 836 786
60 994 133 333 310 462 786 57 209 91 553 798 18 280 313 298 185 851 272 324 300 874 357 331 130 361 939 620 578 525 987 611 29 0 297 818 328 612 351 497 360 413
631 841 968 534 588 488 466 605 602 645 858 722 693 109 966 76 592 324 918 598 871 427 435 674 680 461 691 198 546 918 18 216 349 297 0 903 173 796 505 631 415 993
242 926 297 476 995 262 771 818 605 791 82 637 66 507 24 941 713 321 164 154 269 419 924 610 788 201 703 55 155 279 1000 640 799 818 903 0 620 272 42 664 605 202
154 726 547 874 163 12 533 73 507 121 385 23 704 488 763 692 468 875 88 295 437 594 847 761 753 434 209 837 619 970 926 747 198 328 173 620 0 950 81 514 112 716
725 322 584 599 757 409 362 338 336 840 358 669 663 962 989 256 467 889 363 476 960 579 615 735 398 871 93 649 333 606 218 292 972 612 796 272 950 0 666 549 283 269
549 163 804 82 988 111 569 590 791 751 440 256 726 155 236 320 475 375 506 708 267 141 893 809 418 158 846 428 517 804 392 27 401 351 505 42 81 666 0 145 662 656
141 517 876 297 981 671 981 602 60 453 564 29 122 834 714 457 194 640 625 652 22 176 642 862 930 14 441 459 462 492 706 587 861 497 631 664 514 549 145 0 799 750
259 618 28 827 931 564 956 655 988 437 717 344 248 889 709 78 348 908 780 664 330 910 347 196 990 868 980 690 927 67 365 367 836 360 415 605 112 283 662 799 0 928
515 282 980 985 647 50 54 662 772 392 298 380 880 53 371 715 551 55 524 771 26 861 157 802 807 547 956 516 229 867 595 853 786 413 993 202 716 269 656 750 928 0
380
1 6
24 41
18 19
15 41
17 14
8 19
15 27
39 9
12 33
26 1
7 5
26 7
2 16
9 14
35 15
27 6
21 8
37 7
8 25
38 3
23 9
2 29
15 35
20 15
21 1
29 22
4 9
37 2
6 22
37 32
34 3
21 14
30 6
28 32
8 1
24 22
39 26
23 3
30 21
3 18
11 28
21 10
12 42
3 14
30 30
9 2
34 7
20 33
36 2
14 42
1 8
19 39
27 1
30 20
12 38
30 38
7 38
40 37
9 29
24 35
39 10
38 25
41 15
42 31
32 26
21 30
40 29
39 5
12 9
13 9
33 13
3 3
23 3
22 6
3 22
17 29
33 14
13 39
34 6
19 20
3 16
14 7
13 12
1 17
10 17
3 10
22 5
10 35
13 13
27 18
16 3
24 37
9 35
19 26
30 25
27 16
38 26
8 31
5 2
33 35
3 21
3 20
38 25
36 3
30 33
8 23
6 3
20 30
10 19
11 5
5 29
34 34
23 22
24 16
31 13
23 2
32 14
6 40
42 4
6 36
32 12
1 14
3 31
7 17
42 27
11 35
5 20
7 7
33 33
9 7
13 2
23 8
23 20
5 4
20 33
10 42
35 38
41 26
35 20
9 23
41 29
18 17
9 40
30 17
41 15
40 41
12 40
25 11
14 8
22 28
4 28
30 31
17 38
15 37
4 42
29 40
41 30
3 19
41 16
39 33
15 3
19 16
39 6
33 28
21 34
38 9
22 6
42 18
21 25
28 41
12 16
31 4
22 30
31 15
38 33
3 29
6 5
13 26
41 13
42 6
39 35
9 32
11 3
40 33
1 27
42 11
35 10
4 42
33 27
13 10
24 26
26 35
19 18
37 20
42 14
16 41
28 5
17 15
17 12
41 36
31 3
22 4
29 3
22 38
31 21
21 10
25 26
18 36
39 28
36 19
4 36
25 13
2 26
8 36
13 7
31 16
14 33
22 34
39 9
41 8
30 12
32 8
42 35
3 35
40 38
21 4
7 41
21 1
4 36
8 8
3 21
2 20
34 39
36 37
41 39
33 39
5 14
39 1
26 35
11 10
30 41
16 11
32 37
38 33
18 5
40 4
36 31
28 2
17 33
36 20
11 32
11 9
7 5
1 5
15 17
22 17
6 39
34 28
13 37
39 19
31 33
6 23
11 34
1 38
22 10
22 20
16 21
26 30
37 31
11 9
4 40
10 21
4 21
8 6
30 41
20 22
15 36
27 19
8 9
34 21
5 6
7 32
3 5
24 34
7 28
19 1
16 27
24 28
32 40
19 32
34 5
21 11
27 28
40 28
4 31
41 14
18 38
19 24
31 15
23 29
17 4
32 32
3 40
8 30
31 20
36 9
2 40
18 38
26 7
41 5
30 27
2 9
40 40
35 6
10 18
7 9
39 7
9 4
20 26
12 22
15 37
32 33
29 14
3 1
39 4
27 29
33 40
37 30
33 3
16 15
23 41
4 3
30 37
21 14
20 24
40 3
12 32
25 18
29 38
41 23
22 29
42 41
33 35
8 38
5 27
7 2
13 29
5 7
8 21
31 23
30 31
24 41
28 30
8 35
25 1
18 30
21 19
20 15
3 23
10 11
10 25
31 21
30 36
38 19
27 27
35 21
39 1
27 14
1 23
26 19
30 22
12 22
19 24
7 39
28 35
1 27
33 37
12 24
37 20
23 17
3
0 580 776
580 0 855
776 855 0
3
3 2
1 1
1 1
45
0 620 872 508 99 751 535 352 46 12 33 577 259 913 601 88 765 867 630 169 32 155 556 822 85 622 334 695 190 284 784 372 683 338 290 335 362 268 298 72 737 493 945 959 396
620 0 821 444 540 321 433 761 480 814 493 797 375 63 731 65 616 912 207 820 86 533 488 515 592 852 369 541 715 900 143 762 984 174 796 199 109 871 194 155 151 385 707 167 785
872 821 0 215 770 391 590 519 222 973 44 171 388 417 398 49 920 612 437 302 488 831 352 393 722 81 565 395 143 87 480 620 718 629 36 628 214 743 871 324 103 850 378 185 550
508 444 215 0 355 73 748 222 618 201 74 490 438 704 259 431 362 139 900 92 905 914 561 185 587 103 501 855 210 27 488 933 118 834 321 283 5 269 232 725 439 595 76 451 664
99 540 770 355 0 431 756 219 380 714 2 855 943 1 593 844 372 257 795 200 927 875 364 696 497 94 582 958 472 252 930 211 16 286 309 814 927 597 149 539 397 206 764 811 576
751 321 391 73 431 0 223 346 768 786 269 125 330 1000 448 62 298 550 924 863 634 972 687 381 408 5 851 885 648 733 582 487 93 442 915 407 871 196 489 162 200 796 912 715 175
535 433 590 748 756 223 0 512 755 594 785 337 365 396 454 507 244 400 517 899 820 239 433 995 58 439 317 60 175 801 693 134 453 932 896 458 660 707 14 341 780 415 63 919 480
352 761 519 222 219 346 512 0 797 549 376 773 946 930 833 853 943 53 235 815 634 748 840 966 879 585 83 387 381 299 511 922 797 745 577 106 707 92 500 240 928 124 718 151 695
46 480 222 618 380 768 755 797 0 533 228 518 556 515 660 381 613 24 302 239 669 847 433 222 981 120 583 217 830 492 237 434 974 999 727 938 958 794 245 20 376 813 50 360 438
12 814 973 201 714 786 594 549 533 0 265 481 857 794 768 254 492 237 207 755 809 980 391 534 711 404 984 67 9 752 582 507 239 407 779 905 850 456 751 473 661 980 370 723 335
33 493 44 74 2 269 785 376 228 265 0 233 65 201 524 524 305 462 210 23 732 338 51 555 521 597 564 272 746 538 76 633 323 869 899 294 338 718 574 988 257 564 219 339 127
577 797 171 490 855 125 337 773 518 481 233 0 283 917 14 925 681 211 260 127 412 113 47 207 644 48 259 79 851 468 507 369 843 680 360 694 673 57 331 89 793 856 939 14 178
259 375 388 438 943 330 365 946 556 857 65 283 0 475 379 727 772 369 542 122 576 356 1000 534 286 326 728 196 13 644 203 697 649 31 841 503 341 465 261 438 727 965 381 290 183
913 63 417 704 1 1000 396 930 515 794 201 917 475 0 495 523 90 296 217 864 808 622 865 400 509 652 851 449 401 680 684 170 822 679 690 811 235 270 12 510 728 946 306 961 795
601 731 398 259 593 448 454 833 660 768 524 14 379 495 0 109 685 206 271 507 221 997 931 865 338 490 566 311 325 52 491 461 940 229 696 331 387 134 779 686 529 388 374 680 346
88 65 49 431 844 62 507 853 381 254 524 925 727 523 109 0 57 95 582 27 233 760 581 830 163 52 189 712 220 750 227 103 643 512 130 47 341 15 248 225 970 255 69 581 822
765 616 920 362 372 298 244 943 613 492 305 681 772 90 685 57 0 110 349 871 605 701 857 604 647 109 498 579 946 972 903 271 631 138 541 426 359 79 590 648 986 742 628 164 511
867 912 612 139 257 550 400 53 24 237 462 211 369 296 206 95 110 0 11 192 544 967 966 240 638 984 666 284 627 937 950 384 115 812 562 740 451 137 397 62 378 164 195 286 478
630 207 437 900 795 924 517 235 302 207 210 260 542 217 271 582 349 11 0 604 917 401 980 127 659 595 627 969 477 381 51 921 799 515 376 806 89 745 87 586 364 466 576 549 918
169 820 302 92 200 863 899 815 239 755 23 127 122 864 507 27 871 192 604 0 196 660 408 297 258 978 991 15 386 693 739 83 636 898 998 674 338 16 819 401 485 99 224 597 43
32 86 488 905 927 634 820 634 669 809 732 412 576 808 221 233 605 544 917 196 0 765 720 197 724 816 987 465 198 768 862 285 569 60 392 57 946 296 566 772 824 770 646 194 598
155 533 831 914 875 972 239 748 847 980 338 113 356 622 997 760 701 967 401 660 765 0 696 823 913 130 18 479 886 360 648 583 864 343 516 602 454 89 500 808 613 442 504 672 221
556 488 352 561 364 687 433 840 433 391 51 47 1000 865 931 581 857 966 980 408 720 696 0 110 490 498 908 112 252 41 528 995 139 995 635 873 827 876 326 583 262 304 201 872 111
822 515 393 185 696 381 995 966 222 534 555 207 534 400 865 830 604 240 127 297 197 823 110 0 266 946 717 990 101 338 293 242 500 893 598 992 671 909 661 139 243 299 825 761 823
85 592 722 587 497 408 58 879 981 711 521 644 286 509 338 163 647 638 659 258 724 913 490 266 0 160 37 896 111 445 597 976 62 993 923 928 478 856 442 497 538 444 679 979 835
622 852 81 103 94 5 439 585 120 404 597 48 326 652 490 52 109 984 595 978 816 130 498 946 160 0 244 137 526 35 931 540 618 882 844 798 890 172 319 863 195 619 928 302 206
334 369 565 501 582 851 317 83 583 984 564 259 728 851 566 189 498 666 627 991 987 18 908 717 37 244 0 329 276 312 325 488 811 164 995 604 626 846 419 550 630 581 748 206 670
695 541 395 855 958 885 60 387 217 67 272 79 196 449 311 712 579 284 969 15 465 479 112 990 896 137 329 0 553 487 9 470 283 314 814 661 135 307 841 808 395 765 285 90 603
190 715 143 210 472 648 175 381 830 9 746 851 13 401 325 220 946 627 477 386 198 886 252 101 111 526 276 553 0 927 430 309 38 832 604 836 905 659 367 112 695 893 955 675 904
284 900 87 27 252 733 801 299 492 752 538 468 644 680 52 750 972 937 381 693 768 360 41 338 445 35 312 487 927 0 500 119 984 377 481 261 51 491 794 570 861 596 425 962 680
784 143 480 488 930 582 693 511 237 582 76 507 203 684 491 227 903 950 51 739 862 648 528 293 597 931 325 9 430 500 0 465 554 279 948 607 954 326 595 247 896 885 820 142 191
372 762 620 933 211 487 134 922 434 507 633 369 697 170 461 103 271 384 921 83 285 583 995 242 976 540 488 470 309 119 465 0 762 948 759 522 371 281 122 55 668 370 964 625 651
683 984 718 118 16 93 453 797 974 239 323 843 649 822 940 643 631 115 799 636 569 864 139 500 62 618 811 283 38 984 554 762 0 613 513 272 35 886 558 211 644 780 7 588 758
338 174 629 834 286 442 932 745 999 407 869 680 31 679 229 512 138 812 515 898 60 343 995 893 993 882 164 314 832 377 279 948 613 0 63 539 267 829 538 114 872 536 254 162 746
290 796 36 321 309 915 896 577 727 779 899 360 841 690 696 130 541 562 376 998 392 516 635 598 923 844 995 814 604 481 948 759 513 63 0 146 58 709 679 823 959 862 639 379 526
335 199 628 283 814 407 458 106 938 905 294 694 503 811 331 47 426 740 806 674 57 602 873 992 928 798 604 661 836 261 607 522 272 539 146 0 339 550 124 959 403 522 456 664 395
362 109 214 5 927 871 660 707 958 850 338 673 341 235 387 341 359 451 89 338 946 454 827 671 478 890 626 135 905 51 954 371 35 267 58 339 0 792 470 185 997 553 543 860 430
268 871 743 269 597 196 707 92 794 456 718 57 465 270 134 15 79 137 745 16 296 89 876 909 856 172 846 307 659 491 326 281 886 829 709 550 792 0 592 727 873 684 446 914 391
298 194 871 232 149 489 14 500 245 751 574 331 261 12 779 248 590 397 87 819 566 500 326 661 442 319 419 841 367 794 595 122 558 538 679 124 470 592 0 222 587 293 639 136 22
72 155 324 725 539 162 341 240 20 473 988 89 438 510 686 225 648 62 586 401 772 808 583 139 497 863 550 808 112 570 247 55 211 114 823 959 185 727 222 0 288 377 94 693 573
737 151 103 439 397 200 780 928 376 661 257 793 727 728 529 970 986 378 364 485 824 613 262 243 538 195 630 395 695 861 896 668 644 872 959 403 997 873 587 288 0 79 498 209 568
493 385 850 595 206 796 415 124 813 980 564 856 965 946 388 255 742 164 466 99 770 442 304 299 444 619 581 765 893 596 885 370 780 536 862 522 553 684 293 377 79 0 915 825 615
945 707 378 76 764 912 63 718 50 370 219 939 381 306 374 69 628 195 576 224 646 504 201 825 679 928 748 285 955 425 820 964 7 254 639 456 543 446 639 94 498 915 0 757 478
959 167 185 451 811 715 919 151 360 723 339 14 290 961 680 581 164 286 549 597 194 672 872 761 979 302 206 90 675 962 142 625 588 162 379 664 860 914 136 693 209 825 757 0 215
396 785 550 664 576 175 480 695 438 335 127 178 183 795 346 822 511 478 918 43 598 221 111 823 835 206 670 603 904 680 191 651 758 746 526 395 430 391 22 573 568 615 478 215 0
949
10 7
41 45
7 31
42 37
28 14
9 4
23 7
32 24
35 45
33 28
20 16
34 27
6 30
28 41
43 12
38 14
20 25
14 31
38 21
32 27
19 22
20 42
21 6
22 6
41 20
34 43
3 33
22 2
32 20
14 26
4 22
17 22
22 19
44 21
17 9
38 19
26 2
35 19
21 5
29 10
4 41
26 35
4 11
14 22
5 39
22 43
30 4
14 30
7 25
11 41
5 43
32 15
2 34
1 25
37 16
30 20
33 15
17 5
42 41
45 43
14 19
43 27
16 35
34 41
40 35
21 27
33 37
6 42
18 25
20 11
23 3
36 25
44 29
5 32
35 36
27 24
15 8
1 13
12 6
19 36
29 27
14 19
23 35
14 44
9 12
43 29
14 14
14 45
14 29
36 10
32 9
24 41
6 31
45 41
42 12
18 15
38 40
27 38
5 26
3 45
20 40
4 2
8 36
38 6
8 23
23 45
43 30
35 23
45 39
20 32
8 41
21 17
26 27
36 8
20 1
9 35
17 17
34 28
41 45
37 25
28 4
24 7
10 15
40 45
5 35
18 26
31 28
41 14
11 21
17 27
1 15
28 9
3 19
27 32
10 32
37 8
10 2
43 12
13 10
24 38
8 39
6 34
40 19
13 45
2 38
7 35
25 19
1 32
32 17
45 22
9 7
25 44
17 2
14 33
44 34
28 40
1 36
41 14
45 6
32 42
40 20
1 29
26 23
43 38
22 27
39 43
29 10
21 8
21 9
44 2
25 7
38 13
16 36
34 39
23 39
28 37
7 13
4 26
17 37
2 36
1 20
43 45
43 38
44 31
11 9
6 6
15 22
19 20
20 22
10 40
33 9
40 24
16 43
43 24
29 43
21 45
20 15
23 1
26 31
32 30
35 29
23 3
26 41
20 6
33 8
10 32
12 5
21 5
5 16
17 27
4 17
33 13
1 8
18 11
36 35
43 12
18 15
35 39
27 33
6 4
16 42
42 32
28 8
26 12
31 1
12 6
26 37
41 21
34 24
17 27
2 38
24 7
39 45
39 35
10 32
43 8
39 18
17 37
17 36
1 35
10 22
18 23
33 45
37 25
5 25
27 28
38 10
4 25
11 23
8 42
19 23
5 39
1 3
33 16
20 24
14 34
6 28
23 44
13 12
40 27
41 31
36 40
37 33
25 25
43 16
27 1
2 10
27 19
24 29
37 9
13 8
35 11
42 34
19 7
12 12
17 40
18 44
8 4
19 27
20 28
40 29
45 33
30 35
8 30
8 35
6 38
2 22
16 2
31 28
27 35
3 10
30 31
41 37
13 22
22 37
16 6
4 27
18 31
12 13
30 10
26 11
8 20
10 38
16 32
1 23
39 12
15 26
36 16
45 32
31 16
7 36
15 18
12 10
41 25
9 25
45 26
33 1
43 30
17 12
19 8
15 17
35 12
20 12
42 4
5 1
41 36
12 30
23 16
26 22
12 13
36 7
2 18
38 9
3 2
5 18
7 39
20 41
35 45
1 6
39 23
24 5
3 21
2 35
17 25
33 15
18 32
17 8
9 33
18 42
32 33
8 16
25 45
32 16
14 29
23 26
43 1
30 10
17 13
14 15
45 6
43 40
5 38
32 22
12 45
30 25
42 33
15 15
13 23
13 9
19 37
39 45
4 21
45 5
9 4
34 7
14 41
5 12
18 17
36 24
12 21
3 15
7 34
40 32
25 44
26 6
27 30
13 4
17 29
2 31
42 23
26 9
45 10
43 28
15 34
39 32
10 15
40 38
25 34
39 3
39 17
12 23
24 17
33 29
7 33
29 22
38 41
9 22
25 8
23 27
21 7
42 2
15 11
8 20
29 39
16 9
27 20
9 45
7 33
19 2
28 9
19 21
12 4
25 28
2 29
9 26
7 2
17 37
41 27
8 31
33 31
3 31
33 14
31 11
35 5
4 32
11 38
7 7
3 34
3 10
27 44
6 17
36 21
20 36
34 17
23 41
36 30
2 33
25 39
38 27
2 10
40 36
43 16
41 44
8 25
31 19
7 25
20 5
2 38
17 3
38 35
32 22
14 9
39 4
34 29
31 41
39 28
2 31
37 24
32 37
6 41
10 6
41 42
12 5
17 31
5 5
35 6
1 24
22 16
44 35
31 25
5 45
16 10
29 35
23 35
30 33
20 28
33 26
39 14
3 34
3 3
18 12
27 3
33 21
21 38
22 41
29 17
25 43
23 12
41 40
5 15
14 26
13 10
6 15
29 27
22 1
12 45
43 9
39 28
42 33
28 26
44 1
18 21
35 41
24 14
30 11
27 45
37 19
5 12
45 24
3 26
29 32
45 15
39 8
30 5
19 10
3 14
38 13
35 10
13 30
13 5
10 16
13 30
19 11
26 21
13 3
14 2
1 13
16 41
11 25
32 16
39 41
29 19
1 6
28 32
7 8
1 26
32 31
17 28
45 12
38 28
26 25
5 24
39 18
28 42
21 24
23 45
9 1
24 23
41 21
20 36
36 18
12 14
41 2
2 32
43 30
39 44
19 26
21 14
41 42
38 23
34 4
22 2
20 25
19 7
24 13
23 17
3 30
26 2
17 42
30 1
12 22
14 24
32 38
45 7
24 29
33 42
20 5
1 13
37 27
24 8
38 44
38 39
10 13
20 10
44 22
31 22
5 21
16 11
28 42
39 2
4 12
31 45
44 44
14 15
32 17
17 23
30 27
25 32
43 16
2 39
25 14
15 40
14 11
1 16
4 35
30 13
21 45
36 31
5 27
13 7
4 37
22 3
38 40
25 22
18 22
15 1
27 12
20 8
23 7
41 7
16 43
8 26
6 30
33 41
7 41
24 7
9 10
13 2
1 45
37 15
37 18
31 8
38 6
17 30
12 1
11 27
18 2
5 18
29 1
14 17
5 32
6 10
36 5
18 37
18 15
11 24
7 18
29 43
44 19
15 32
3 11
13 13
20 15
8 45
6 8
13 23
24 40
34 37
29 44
31 25
35 10
6 17
33 32
16 5
29 11
18 1
45 25
2 12
36 24
19 22
41 2
11 1
24 27
36 5
12 23
8 44
3 26
25 39
32 3
33 13
7 5
16 8
15 3
10 1
12 40
20 17
32 40
1 23
28 4
14 9
10 37
29 29
16 8
24 25
14 2
19 9
34 37
40 29
8 5
7 11
32 21
25 27
21 34
30 35
12 4
40 35
19 22
24 24
40 19
39 44
28 43
40 29
9 14
40 24
38 3
7 19
8 42
22 11
23 28
16 40
4 31
1 40
41 44
13 31
5 24
39 18
36 26
23 16
22 15
43 13
3 11
33 7
31 35
30 29
30 29
7 34
30 41
6 11
20 9
30 32
33 20
19 27
8 34
1 2
14 4
42 23
28 3
4 42
14 37
11 22
9 32
9 9
2 20
34 23
44 14
33 2
25 31
6 19
40 5
39 32
9 37
37 10
4 31
40 40
39 12
22 20
7 1
24 11
45 17
41 34
1 5
32 6
30 17
10 22
43 6
9 14
3 18
24 32
33 42
44 24
22 23
30 27
37 20
36 15
19 8
33 39
38 26
35 14
33 41
28 1
39 2
38 29
29 28
43 38
44 23
15 3
27 45
31 40
21 33
43 30
35 12
20 12
40 22
20 34
20 33
16 5
22 19
32 16
25 30
33 38
9 42
24 4
33 2
25 1
18 30
1 7
11 24
43 23
31 40
20 6
12 12
37 38
42 21
21 44
21 28
2 12
23 24
21 32
2 17
3 2
30 11
45 31
12 30
37 31
6 23
32 3
41 2
6 12
12 32
8 6
22 15
37 10
22 33
22 20
17 10
15 10
34 16
29 1
20 6
1 9
16 28
28 43
24 22
31 39
19 33
3 11
34 5
14 14
10 19
20 10
38 30
7 38
16 17
3 2
44 41
36 34
37 24
6 27
23 16
24 18
10 33
38 38
3 34
39 9
25 40
26 26
42 31
19 8
3 8
13 39
25 10
17 14
33 18
2 17
6 43
33 35
11 22
13 45
18 40
28 3
35 30
28 37
26 18
20 3
9 36
23 21
40 38
42 6
26 29
26 40
30 5
14 18
38 24
22 21
31 26
41 29
35 5
11 7
17 19
42 33
8 34
37 30
1 25
3 16
18 14
3 18
45 2
17 9
27 43
43 31
20 8
9 17
27 20
31 29
42 11
25 15
10 33
5 11
21 39
38 41
32 44
24 20
32 21
33 29
3 14
28 32
41 41
34 35
4 14
23
0 249 204 779 28 938 879 196 816 112 476 628 506 844 172 412 866 94 971 440 986 796 379
249 0 775 167 343 657 955 735 561 283 793 189 123 380 803 458 586 927 985 69 200 804 689
204 775 0 510 77 127 11 232 281 697 256 279 374 471 679 895 527 580 959 706 307 216 698
779 167 510 0 543 600 999 357 369 59 185 771 885 80 332 807 691 564 583 416 808 715 230
28 343 77 543 0 242 291 94 533 937 880 421 646 964 139 194 514 343 293 591 30 487 982
938 657 127 600 242 0 747 49 489 304 606 267 841 262 879 775 58 437 185 616 476 751 947
879 955 11 999 291 747 0 476 466 185 178 632 890 476 539 617 987 367 116 673 261 156 443
196 735 232 357 94 49 476 0 606 329 528 575 787 825 219 186 745 288 956 42 778 281 508
816 561 281 369 533 489 466 606 0 532 915 815 995 870 190 127 4 47 439 817 205 290 140
112 283 697 59 937 304 185 329 532 0 286 817 749 902 14 350 262 265 889 366 500 535 152
476 793 256 185 880 606 178 528 915 286 0 567 994 171 160 753 514 190 566 296 90 708 847
628 189 279 771 421 267 632 575 815 817 567 0 374 949 654 652 851 833 897 561 482 380 914
506 123 374 885 646 841 890 787 995 749 994 374 0 489 134 923 26 163 875 244 70 561 448
844 380 471 80 964 262 476 825 870 902 171 949 489 0 746 276 257 500 282 287 672 738 157
172 803 679 332 139 879 539 219 190 14 160 654 134 746 0 23 254 19 507 564 773 53 802
412 458 895 807 194 775 617 186 127 350 753 652 923 276 23 0 621 693 850 916 285 71 732
866 586 527 691 514 58 987 745 4 262 514 851 26 257 254 621 0 608 287 124 462 356 163
94 927 580 564 343 437 367 288 47 265 190 833 163 500 19 693 608 0 116 987 834 239 940
971 985 959 583 293 185 116 956 439 889 566 897 875 282 507 850 287 116 0 157 738 562 157
440 69 706 416 591 616 673 42 817 366 296 561 244 287 564 916 124 987 157 0 653 171 809
986 200 307 808 30 476 261 778 205 500 90 482 70 672 773 285 462 834 738 653 0 37 810
796 804 216 715 487 751 156 281 290 535 708 380 561 738 53 71 356 239 562 171 37 0 37
379 689 698 230 982 947 443 508 140 152 847 914 448 157 802 732 163 940 157 809 810 37 0
25
15 21
3 23
9 4
12 3
6 4
16 14
11 17
23 19
5 7
21 10
1 15
7 3
1 22
16 20
3 7
19 13
17 13
20 12
6 7
12 2
22 18
2 2
3 19
18 2
5 21
18
0 375 711 490 988 676 636 824 689 282 985 792 535 139 297 41 219 131
375 0 239 665 920 49 702 127 162 915 201 196 781 774 477 262 265 365
711 239 0 526 173 6 324 576 872 90 506 845 158 977 328 430 16 708
490 665 526 0 687 15 469 300 819 533 263 366 790 38 941 522 650 982
988 920 173 687 0 737 378 452 558 617 598 6 47 853 104 265 908 524
676 49 6 15 737 0 116 835 823 958 952 336 804 885 611 506 7 607
636 702 324 469 378 116 0 750 315 786 381 371 573 901 483 942 504 83
824 127 576 300 452 835 750 0 882 436 442 313 182 923 775 1000 577 556
689 162 872 819 558 823 315 882 0 327 878 757 714 756 215 983 306 112
282 915 90 533 617 958 786 436 327 0 792 11 231 587 641 801 256 661
985 201 506 263 598 952 381 442 878 792 0 625 916 741 875 542 415 198
792 196 845 366 6 336 371 313 757 11 625 0 590 488 386 417 117 661
535 781 158 790 47 804 573 182 714 231 916 590 0 339 328 52 159 379
139 774 977 38 853 885 901 923 756 587 741 488 339 0 596 358 941 637
297 477 328 941 104 611 483 775 215 641 875 386 328 596 0 950 765 699
41 262 430 522 265 506 942 1000 983 801 542 417 52 358 950 0 319 901
219 265 16 650 908 7 504 577 306 256 415 117 159 941 765 319 0 652
131 365 708 982 524 607 83 556 112 661 198 661 379 637 699 901 652 0
66
15 9
7 1
17 4
7 14
3 18
9 15
4 13
2 9
2 6
16 6
13 17
3 4
2 12
18 3
14 18
8 16
6 13
13 5
11 8
6 17
9 11
2 7
18 12
9 9
12 3
10 3
15 5
18 10
13 6
12 15
8 3
18 5
8 18
17 1
14 11
7 9
11 9
14 6
9 14
1 7
7 2
15 1
2 12
6 5
11 1
7 7
4 10
12 3
4 16
14 7
3 5
17 9
7 2
14 9
8 17
7 18
2 17
18 1
3 6
15 4
12 4
8 12
1 17
10 17
14 11
4 15
