32
0123456789
125123123
000000000000
000001000000
010000100002
00000000000000000000000000000000000000
10000000000000000000000000000000000000
0000000000000100000000020000000030004000050006789
1234567891011121314151617181920212223242526
1243
12
431
23412341431234
1324
1341354565656
56
5363625
6546
54
6546546546453
6456
45
6354
6546
45
655555555555555555555555
111111111111
2222222222222
3333333333
4444444444444444444444444444
6666666666666666666666666666666666
99999999999999999999999999999999999999999
