227
933075702388864963
760615299316994178
944534330377706312
753346957638396464
835980058367918822
816343784963325568
990067071150881694
152125337347658898
771280435862308164
239253744415913630
224945226828991364
457990373687822295
885376553303300525
504035944100397872
421109441233147178
862470124994170019
951394608547106968
570058058650188039
945291250779179576
548928430440846067
122081001883994921
500163577517824588
152022075568721763
591741652374260538
571445519378683918
426202282589720099
154499198362938564
165142985802465702
461238934245037821
617499618895594334
623216029995097074
372328223361719339
107981981568570003
569311831588809763
339663999031815578
912438040064667912
344766428840198978
872333751925251936
677323546472363718
794513711356091290
207171363103981373
527028635583786657
495994931163640556
561733244760754881
260271579345819376
818977579172031993
913238777788329810
436281133110686832
209206022313986376
719485340888799022
150020189721760999
626270706449897014
773233787215398289
642607240065763170
345091932747406945
921502288653603283
885338840598414129
768513322934804417
556361819141540747
488424828732037860
872988589039595488
461282929182523673
729427762163043556
300969910739702176
939160574853747524
852151683870325177
878826664979109742
620265339057739874
800191219430796332
397507228034826794
978780720219539152
278572203547295435
752550570687642240
762203679763193014
609386232753861912
506411755698882944
951808121799885043
585258349112835223
208777794869233753
813210039068452568
286623806424064661
846779915795601242
834969096547947666
663065569268960878
732583140245708987
402853822952789731
180466976243776266
674903308312947947
248040716492343582
597464186531116773
770788898428207848
772210715901984088
345116288802649427
105279867152972419
640704429077640098
690812949799102718
551947265836802723
805062273323328223
721293195414666261
705530740688218708
446012622971739364
183069826895762827
727107370266747699
347667248832291728
612788864478446827
200170751973816164
458873699359986232
580395892656225842
728288331892908759
843068183047213241
478324003659585351
490347468857755643
964576114748474540
450547643311662550
226951509815446914
379399273049114153
416003094366442584
443439742709976022
343353286584434384
979861862176731556
120021825473181641
335613047222002827
624340073126640889
659570022185778268
434777373991457625
294182522197959839
951455938991738317
637576569010504354
855295452584808231
924308479161193513
243395754239981278
270285493506876929
357884676659887399
340449808867591555
515683520082576558
649599123788730104
798664249295157675
314036943961884277
971242160126984415
294054320879876141
563996479143773361
150260932944210855
919886536846321036
695096251218135873
427452026808114554
339030113521528061
852517168316582742
791293869953594204
666654853696480655
187965486457414626
527841034467720206
681741943494659127
343248761775939827
997466391306227964
153415072744130689
812142193631409539
279504486245336783
303611506612843942
363419315407148131
219861582331532895
988398515987478311
924510188610159693
534917809023430681
229048499212906190
990815154333632656
380149292513440943
198809140151778670
806414094350235594
360297381765545562
481791575628775151
456621121482632231
693014425279962918
346602569656010313
651801875808184127
619550459837058588
206185204887799357
137446928261523854
120305917082118973
336689231255155817
359455717151370594
473725096172760588
304493372135128390
211587388081482729
806242072269277683
377078756777529421
988022087196211482
185071276147588601
524862872507054294
576850988263944961
232238878310036314
314795234103056139
248958368519240328
792687596346216503
933711736190218329
307529733162945939
134591140798564451
533326991177987734
831477460511061252
550411964022307245
102278172435215830
790455668209590687
853239780168179575
924735527396400339
816390354598743583
802059058648625142
217727824098217835
118342881949220362
433746295475964230
945212495475900929
892053865080586567
931070637893967900
289699201164992180
846438281305677340
973744860320878853
105454725538311478
188228323593783041
702876808418349774
579393325295720689
924215559121272885
686546035310607745
830348149299515844
146884010325370540
914856845511588164
800540151435440426
165613630924051719
895966879195281581
750046394595292879
