4279
933788144516391854
182175743124322551
123286011990190009
889754573306490009
559515961066045774
368354051766756569
422727592032073136
698416972479189366
623936520391716837
675035860943509779
278133729796453061
825971920553147905
317736703497529394
397836347508644593
555608849426501590
870493346215602909
344857577020828560
560577935053913060
615262090075317719
819869405146149818
544074296471161197
240619797496975802
442257873421056673
382761399323112027
130235112049662502
591500113966901962
835310590264948166
425648684383222054
973338814236592247
662427156470209225
498306784802620262
156938963356847358
683853566184123543
348253505360321774
555494311624487044
841276812147703512
165446445841634798
226173703005406208
286228833829568637
547112821774202546
507933680471105520
157335899049771476
450395728696271541
282601327835637538
844658781937478556
561337196172187346
951268561599961019
446890913984929515
643159729724280482
775486672777493675
807968082175194735
484016104654180902
330161196290470466
412470303787097021
475676391159251754
558499458927302440
316620571334053702
585568122810136332
393941043730922957
197655013342676813
813297263028607924
400291028352910843
887233883858857779
672013206322599406
221139440793361790
316859730688666015
531084134104945067
407954372115025956
108901010560832698
828933838176380810
279697198135777799
208678232281658686
638228690423542492
206096041794754135
962296987165900020
687701961461654793
955638172587547118
287149047473241706
784616993807231971
231909668785399813
256375708704418395
553420612186942460
223892128853231248
238706194727570029
547850634685888881
557234894137924003
646161794468609413
838327295770268149
624153859646536302
510014827385165506
267917080318540472
299091035667990124
823243302916346695
235427478511222753
701135093302586958
162384977291007716
567329275834225918
754220964815950169
793017760937311748
348838962179722148
298639313120027687
379953604950624402
272996893188116639
290271310351377879
489085731581429197
299339870289922773
430521295994591671
517719632088330272
648783640740171179
695086698900966857
340337365135892714
634807841779106721
597194688956241642
896960149667483240
548079236306173967
547572165488902546
645640636574055518
521758982199894326
407676150270199241
200480755667483111
451485909031621082
228094906501988571
121928759544782083
871602334115528460
125257703681546049
803394839834182431
669349194811661419
407790645992318755
523962322200396983
145905503441629760
323902539035201024
971414759082238506
547645063395197695
369367375526343495
651305599352346468
922650873380794470
823095547020019578
274325136675987610
595021672400538821
204164332633723425
717576019221558060
229297212649576499
700457426204798155
383765767193416268
760117307475499372
601874178019528371
968833313247606646
120951366464566640
368603386358249127
321183177924084869
538689348968814491
284091550730737585
442550533148157962
565387839353346562
603775918871929181
977561058954424201
261070437234146892
808370873470989748
149930953485620732
857112307110427139
955980664843842228
957192617453231237
734283193512445216
408047540761932783
921670683238366967
886948171291967792
186024000685899320
284341562008343425
425916080827150910
917689116967336935
601070562473306566
940453930301291342
924149992180838254
346243085028027458
690535561269542393
180541381024234481
119889857346735140
254690350964695179
758813283949337482
789868202915245244
962470153585855776
523740768065720840
269158194019592609
137432055440056826
120109423613036411
861222971377585310
296883450088222590
648288572760864125
399822414960955381
588045113661728879
842830954381361921
360244702350500561
361086539998561134
668310401152712964
924415119532911410
430801285575137389
684708472988666406
748583387013112409
935869352243827355
557348418834126655
350386538570756294
857751109969675707
310069484882978213
469224628612569268
227241611366604126
688004420222686768
699772920334537049
719782130750630610
216588985857556743
883129750759247094
827132220774973268
978700157456020823
790774131544499126
307498743979908171
344231880277481510
743548483652313277
567117710822400875
426532738035871233
454234093206604966
113783904148079740
265704116912261103
142181046826495765
986776516071112297
842241415923969066
236901065978279878
256668503086806958
147075098389687667
831170560134866760
251062928595036886
441835181290698639
379784112251057828
888152405389998327
412728421056546990
994382395652234384
530557278090319797
680218820949645832
239163054698368352
195653364884259515
631368650376951125
806849161909370696
336417419863483277
664078393721760518
772690132457470815
589154336708155763
686453256985009807
606295630808793653
622821407380484417
802504110424846640
890295673932156664
717269500899266240
753373685112303256
890115940658657168
168616803374121171
579652553896206839
460869724656067733
942419414845138906
372997180378340297
351818908954864967
223804224609187798
916492681511253438
474589352422622188
637867364735608279
686005410934822299
527647144852967656
858861010472354659
930257462071954374
117212176138525387
497144122145301699
705366386994102203
747655814586046390
226784162926129322
752104103178609966
583667757611242133
829062014868794191
154696528331479799
516890252685565249
912056236742785783
236424564217389465
475000783040589421
390127620725355592
739068644834547137
260956462330150705
426825642506478229
659758738513158119
379892724942510250
686216367951015183
439791391616063191
770500638321464434
213721454634127215
523223858129694879
688777156275474064
659443606683461415
859960425778291476
765739210308446039
778781058964516505
442865568622733705
789384989266557684
385564167066302083
250133554549455902
466982114490784550
902322335565014674
992297122887824032
346611896929214387
491270456191576886
831017858422447642
211678493213545708
771467014344901223
532378845230067476
554450381980783237
987836283507194212
711440758467718485
889880869158300030
177846713399294640
685002380921694227
191840586587385804
896820367353301337
609682447723048612
839398784396057358
130563517981786316
888488469362488393
626338890137278377
943636596394210658
505408823075305390
704877428913860167
861186021384603006
608868363652438774
618106688922833640
852062846897062536
389884684399808067
801190748003252974
427963688649018892
840131423211632349
612794415210371435
125899604530459937
801394259788995316
251316024864215823
969102680531416824
680714381037181881
926809836216757848
531175545492123174
177658139366466064
825025259970782187
131366288469213624
204109281386623561
962786706046808979
663427508889738528
944505961020078914
386389435844874766
664770350145246732
271333464479856217
609053134563466041
656292265344412236
819291360300869880
379872643366445022
468574806589083167
285057173025608246
784247061251157922
701579083747945059
844319776087089446
973696911300629312
627099850340216956
506474263149344288
212981381189554008
927675187707201193
466935588507495323
308372132338059384
130562374923439109
931203348768716470
807470493600449832
630149361725576012
886635498734147419
109379926377803848
849937769973982681
868696664047365954
581244552981458122
986767811450669915
753547016504256341
742151444411628866
223661108129278251
454693240579485777
197708966344507337
816335791012909125
558913898976714019
626319069348186004
916131186528703568
753262394637051907
282500526134400577
776166581008242590
426195234797542901
446001856007734751
176337193938783706
219244881086946228
378478217110718832
181947890500866337
761933103300362055
667450490509143809
604425917139532927
115677504407090696
587553142988368600
729012740678215870
243741141284545447
130572086014381654
141765072704740637
425025196618218453
238445043970617373
897290026501892902
683404274569670279
542207395232606937
407047096807820957
572716308012189503
349467442381419146
146229731125368260
385355487486132039
499863600743131109
987881025691222420
861790819425729033
341732193739342996
428288367530876952
385132593768991550
196494975211478284
199803985305473462
164995009587769793
530274487717762233
303496989996851008
107942017626503727
157520102566823884
723896397928947767
222496549208908913
358687672386952518
653542149814734774
160706813072487217
219769512816521788
121280545452332995
770876878482947763
130595081852927398
165663740353766106
168563677241744507
194484412133475490
669420314883277880
472731273997438578
767001612248857533
141123521964663665
788206198243823762
946831403649029696
786454031429016217
500768876808600203
210169976918850385
873194723990315410
760843729552594539
352603016346640556
499439460251634407
641914895764966114
695833009700209670
335691848508225951
252955418057802602
303997218315385283
984404368338837459
573383509098124872
520109623488540989
232837142766128380
545304683852055855
142346945580099943
790012269413089016
333657532833391636
992273705717666423
294334018590141977
806647539555095477
791139348768157239
465710176471618177
435495900914174611
169250377354691347
301500541226668598
983684688950368440
790165341567670035
862622908107547942
289021152418545928
249265666860599862
750955435717864961
203756079923366505
377170762096608908
142513710342292322
137596091729192099
898304956944730160
981705573471363663
791807918626332720
612062567909329086
434251235587021050
200459964977437740
817309060005474285
505451449110531274
412688834403372750
992273869586950259
487825082409696773
188374318557246457
603933242112256882
915025796378051361
962992301393465408
462870390749275321
228337777523849113
351224872125418065
700974204665351064
863275926892608442
348133029868153212
727021560183062871
703151497191566921
433366502380174717
611934047102685466
693036654142878810
755047028151088444
852432649433521904
537712938223335793
233640090641222659
467796596697959496
547896972314318334
772038918708469981
648582507160240274
835644439006917851
583103458877619311
363890544162004075
397203106939193104
360725806200031992
888899191766288874
642009491414003235
830030628651988383
586647815429315304
521465616440538726
503856668207717065
596313265496043316
803886995253133835
992093289878530676
211709005150714508
999141928452433589
747638731730315067
862551064870707541
206689692289115217
872119902470882433
849391055168811799
478781807801147503
691635487831513749
724854959718174341
372313290779524518
951508557827283006
890215418012261226
926621965242383280
309425557601687147
257333031028234640
882620274231715984
811229929759569151
417977945865343191
138086457372981538
418073941071063910
149265641274619502
429767610458920873
995265496820466769
342177233972652549
916088336331492141
699316683959111634
167252821690096984
566056609930491116
568092027501018340
331732225330045417
865410115994158510
383663490858170981
762515866977490092
469913697365228574
620916191013025167
119932114393255928
423505367615002798
821362760944680306
747563156163592172
247120101775143228
934029034893948260
448274404569581820
363334645343998717
240130589666910394
463746223004486144
359687254259655610
111306707738596822
584243817910492105
850409700780337381
972414073902336638
895340959263203622
220126076948646444
606761857334881402
530950782457029769
412568922914845600
952146545689535796
733824865901057479
431815426751554166
549803938118794350
136616736482387020
435425106944694610
640222846698121724
167213538047824900
743179531499639275
970889913805825851
524236719370021454
999732871725790585
688121349342617166
508851983584776404
362499926196367197
196467819672521326
817793257787125667
514889222118024600
608354802271078398
180201655122507150
566874179419075736
527297132549157016
689793865333712812
557706476321642262
760803202718262029
119423932584041929
610308781166953805
460984905615715698
935607725990474662
236775038432590992
206418711470100063
612007513924287829
618050957610317709
281494511722993192
216465090353726988
237517961645731614
218517329956986839
684865951354447138
165699192980482211
908905822060962087
315510407625932562
176207401755422236
502027767049625792
722498832371084781
923172937595762823
335569606505567564
344901096786475669
728495030232154335
135763885995491032
452776755661654698
524512980682844138
354570083851208784
446440248747126027
770041661942002295
919354398703068105
966865136683197851
392714291200798788
501598401437275527
657318504957207988
270786680067082863
638912887124065203
745892639625367553
745344699812331415
980291407379632383
116898468134832113
656821488975624993
743800764874329818
495083783945003467
914065022681122804
841965272411669643
584174262667218641
177643113408708394
828368568529881297
578230244345892922
787467811863870857
217299629240070504
522227779080466003
754286415063699454
437299522797048762
927394241262976105
954095157462248641
592999993665216654
482979972015767396
577171419681567681
246207068791507971
320893982270042641
955668428564344100
982296848595675228
232677679506532194
451055668993997144
307801285824257370
557055020977204846
521351710658513491
625155062888306245
645383536275825456
406759079108487836
338566249467618548
676378234061471714
395893200495981372
186874178367615240
162733622212302226
844187251446919600
972344166572753751
804290056227416595
746372294122516614
633333043438033706
479651200664634849
530860900817916949
297594858928303707
387190560460972150
192267058106042655
901065069127159744
606501979873566757
784270363079606936
835008619524899102
651325558852705074
106715904419944769
159567521466307721
771310105453905836
129460618954203712
653220411975842350
603202119123477569
854413286920715653
215552956624935473
183352820691870742
413409783917309711
371198434293755797
748781104281718250
873416506004837857
339725420592902176
740349448677557538
760932114704593545
224782761751009331
713146096478791409
975047257560331832
355246285704168577
147881285914979611
394064290133987978
733353014110994879
737784567165354136
610431829336099613
835878402048297801
550618333028089237
873734280242229477
249617520885133279
978953339891205093
695169974414567407
417007020015198844
461655756723387030
253330692941541186
907427607951180270
177194114266137142
142847576376716910
487504776177405923
123147052511033649
870228404197587667
960159484226976285
165359623239381583
337353346518414204
979758834571355829
710262226796913813
378331858103424692
721211947889877315
917694857920395345
127779659389323218
816043357944801289
778276332493424816
677716038880921535
839933547956676284
346440693605750253
783645611898462516
444917698986531750
402645446338034303
574398767892560173
309879215318543481
971848714360616496
308059966163806137
193821511761043603
857093007236021552
323477545665680554
727154940760042847
716765158565652486
800937598097626819
416085566642794692
316090703979233372
905694637728232587
480990000800743865
125222584916948401
885012788585146300
865015136373176393
717251898160710394
645363995857000447
610310572240075721
527027658567200731
789904434225731953
781023703654177905
157199748943885686
990216275333432549
364396638620861574
457185335663259297
430479774315454927
126543776788043192
757414849459738263
878342687541747023
335600364381357155
783148872016639763
863346574444399540
357530540809970569
990689175593641352
331786333667409785
116615149925991199
657672506597655056
474299711381786557
315047459433608948
549597042093885273
756298174371669543
959333018465389827
736264734854908019
943470605754543244
596496439365341927
365912348741768344
720968684919740164
827103990577498188
434430062228765358
469403801487321347
558604001374947624
143996949892007042
734943831921565266
892046205460740678
809254597799986261
466619551652608155
345055777498422332
817662649582583036
372423522711150966
729040028179591187
461754723727524157
165242047106324547
538881756360062743
148137360409265672
886445018890680681
769263745194080431
710458962706653071
937679247282688129
540715361982051209
734651264071001590
881399069270812692
499084855632164659
826943705164223152
880231950147670872
563995823755787998
419144020566795707
981349287560570364
503793717140966927
552311347357679432
305213354830342125
337264323644317406
524499123367581404
532670373091873581
527746661899005139
803084199858716239
577962056920179849
803562350823241670
724894571065059459
732306488255046805
760187045877195292
813686009103077004
916257248669347552
105986830142718820
773786854103889992
758473452366105373
511666497028779962
187310778948920122
402748765405869661
363318664539324099
298299157047202771
846275022840701770
621930049871773047
711793619672874418
890287314067112128
771812155002871119
995156541072513651
752866165888723089
398977407682810763
447530106835173023
863922580060598655
439620395641852519
666223218283170439
458980402716644773
241858922651732987
304512010747820911
987063615045464942
160222641050708814
732942305106647775
853261844500341097
994113628638222687
927678404112092485
463334447747147044
188785145633999454
122554410880515935
445970904417535472
753461597081805638
172894248026785290
557689873147628521
628731490057874280
312208607100637306
354525407946091962
399153443749189208
305851349420525117
612413416612235745
433660941014214138
439036330461033068
570670520901409425
375910816147536617
105690791268634815
170840115793672398
102182791700269189
727564501329829795
871380381044591849
250206609697695717
185611609085209040
869801862878562449
610011180627286225
413547307991659919
657619435295669224
853980700943014837
607252376553822607
756860488234972330
452750786097862413
387238647541925222
715467892108266265
817809738899636023
307743424673011427
979942467695638795
713170562683122521
512100909621190181
671347572558787905
301264097744584519
647051394892479077
848678848861233918
367167466519893775
881323921144507824
616043485179047505
863920364417030034
129587129284183563
872568617538429857
935032806414457684
729142507350995579
412026027756466289
371609393363881488
400198905613288186
667770657187897458
630813745742564197
272161419453417099
130719431432743879
145481182683209100
293553612112607632
490502299123835520
317701204407655331
818679013004737426
796055096944344121
552678418182385767
423115640234656818
335588896332981778
417324602627083557
359142085698826276
889845924341952905
794736714969055567
566929079016355037
364057524824336863
421089079398171049
683897452269938770
393325414971208139
295840495440519585
932289745686935196
456172870971204817
931025804858155409
825484704462708766
450184840337278559
677569477964144785
545692648549122123
223142923416372885
108071535598797440
804661008513718771
489023622562059571
754031041970583403
500598014806349046
153674315506580629
666935874002965626
635846699874077156
963877008532384631
352020830923455518
886743112757701856
740976922677459290
977054424220989603
662157623528550677
142637482407958116
163694112137226077
152443050562141689
670821971722595013
344466583636036455
956689033592849756
320052790265479693
539046167808519967
911174259905904388
844615383771884345
224611527363386424
611101907640606886
134440619655902882
969396631876829814
444307120659767201
679710354028869301
835677018724247812
510500361779785073
140366826160608368
435570065976687773
323964362545868707
969442453782086678
785330121360619779
192861073113513561
908305041193893413
455188686932086994
667407243540379560
571813849503237955
211525674576413469
543776161866047746
510585318469387915
427734355150355611
641313996036859983
416232600122319248
838959554903728107
832299006797938517
982327924815012743
284977161959801381
796407683255180583
502048928189100348
861990429404647055
171465244531458445
690337989117442938
887494118993227338
889126924654061600
511618278271094648
393562371713547598
983992031866866615
990132249378234183
470321658567300846
211105640816920689
922796666209337638
826704554196719127
201413495706329148
632754596073646055
672959608582064482
345651300358797768
936039067607427350
726125797690132217
993588078869910102
542026500033612158
613623240124774977
987436509357127833
940253662085976213
586453020185418642
634989017358141703
163828477474561584
554019408190047553
904920417391719981
544276661090359636
547042352809753982
492512357319463958
128902551878531190
999171929123980469
235335984751922586
431129959562951281
658686224978122027
961150790263460485
966885735792450372
923284101843089382
773669618417965746
833364759534531713
764829529287009003
267330535908442355
168543957640105246
607668433056960670
354105476325873007
987628438464982069
629026911315084196
334655230219609822
336274510284637575
598869522360228122
279723297115532188
463565005876358594
126587681205479328
622959920253801008
980686859458676966
861110225650604412
219650920833766343
498271285066076130
324385284871704790
926790594104051745
271570811022856517
182625487989309013
851110047018034676
527046094538773118
200440421213684611
416087987940937075
150980973634403393
611619705087765863
125205913940932981
100708245146784751
881285324224716258
269775907771548085
723103177531414109
934169946524024423
793278613155722591
151724468399077950
140843339945156949
586765979004845674
826496640634109496
868469406829373058
689637478540403485
283809153200145835
899450085618269362
483078164950437082
705251655732245567
803099124661109966
798861121661748542
950301846184262766
431426396439270854
111913344318611115
937721661342591562
260718524392258122
470096021369490033
450371449801890817
694362853514935288
605920124725930113
956722363397132754
548494865470476678
834226231797813872
553455309042515335
308805160952283344
286993185173062960
951771339862616928
804890807489423261
371585096577347632
366029697654521384
122711212950318158
821820314566425376
316495203544518674
447815181229316918
877920053125678500
266300394917986981
762407881551871729
804038297935231708
855214228831724715
175219212835394276
572146540073754592
111627482306202822
326334218485884240
795971252125388553
745333093133621454
379265107522088011
515276666509792577
390781276909220954
855302193638714455
780729022178188239
392211425808686009
183380389136585140
839916154654604969
736623124660482869
921911318333684484
605911565402861668
578568674045520248
313430754519169505
987293663603116233
701403711185605274
628774779562391059
907537613373510343
475462960174937008
403580567494486152
983568306737289257
492818414787614880
377094282273753247
548404529662026394
175581758076961392
293245106793065872
163968885803409510
766025157894421649
656385423836533694
782066796778258301
575916427414547621
986903830850411375
249990606439997644
522731070697450137
304177051579574305
384836080055836154
438107538610745097
816734330601445295
842017299432401558
227783030446510573
967926935124364921
785838459243056508
907295872549564554
989057115481469839
341217299174967787
175573415689565238
456498059068564678
950342006615776296
363052640327593304
165172396316006961
390428372744152120
892949247904491456
368039264415794253
731707839649348703
528510485509732300
316744041559210430
248149773751388253
686993327148710600
932165734416952491
566053213870392525
779296726348133638
636139121551232965
454174254738128884
693812861684921295
232547195052456393
649950763164199248
102424255038271784
815978106486757843
525948026082930550
554407013663475462
744024750982155501
849417813768209341
332456702367717601
199399078508499016
580524648228839097
102500591563193315
985810926940080144
564572484786247193
338188633302478765
926729293388558086
756443367879790634
493383496381411838
466815011631809789
728140928370163301
421206172758661512
111355910080514914
831525803306324091
638727595330273202
383964583233649656
582230612550388469
667632009749182575
625366856234311441
664559239216093610
614951964871771663
918488679426327058
718991044224454689
204003712553574530
944132868572693686
315619478588427019
161699329458974136
537624154406135695
576669037896247764
660348982642132774
519301262237428412
130669498256487480
321018732496464770
136577926931485203
632780291226940298
618943395789667788
713217258979123086
904667251092284553
525684372861216685
755681123176592048
197969582521119763
407089291327626834
607976187053225461
921290174065163391
124329671500424923
399140121485008145
336717610344663749
838219412733232296
107701699862295781
407123776835006095
331038550514230690
976363072140862509
938504589773252842
665719748130622557
550184583214043661
745053718043826309
997954760767319619
580407328816352452
226012173944859162
576270894534795812
153438728021803859
858941101817986264
620672057830159866
333218923393008565
664223909072337358
199765033876707245
461687605942982231
294640130168574724
710088862682499284
628431237621069835
137587372371081901
808131034435505317
519202856285893224
917298076461343913
218643210564459272
495580836401225565
394650105233080169
305952818956646661
445977115786291951
126412597792113418
377575304174888004
323911495657402294
356718943606454776
545461497656774980
422011502136510913
622070935988470304
903342949357910915
871478349066734443
490243749224301596
513753514216180731
999406566562128133
568692719690977940
408930265645075816
660191568922941295
272534406821999970
960516019000595640
182863074339677913
713394185254737178
762889110532458161
709694104268354450
355483253596257001
280066004409606715
122007610495045709
743540082257313662
985931476712433637
498888223202252261
587472643945365011
867161595182346820
713036618230132041
256916522422890449
942622883222586500
483638689636039870
539382499984833165
395321000561404618
635763636666920468
145380082029694318
324409533238196793
140846743190485854
761922422558701337
222773987393944999
575639855822517417
990740258090262829
554918497197431794
839989751439641846
674732156282520260
715619905099963601
637176424761741538
514240800509134706
737480725063131654
165605385476991125
153377878996709998
374523191166705757
489299612110096560
856398456907067390
322464643493642340
971933147092408649
724823194888887494
468674412644722935
280162739259549064
513114075773712875
641204756723218328
470676326536249606
388945703349387991
207966659866306413
654133213053412126
156433572666288906
180748099537715167
702949862681701396
649859149196360662
374676584240725127
341080717053456242
189094611613621108
862565344011969758
170917664014586120
253907218698706684
456368043672694659
555498711433764460
913836102611349500
734886787727134868
146222432746377998
322596520080672380
792587706478722126
760928427221628873
940202935658998440
788612657084386288
978741111932630995
274817078719050734
264045499867200639
162832558992693109
738268773938611222
203348490951803557
234059254285629087
317701061018999532
614695992914939298
321939383728077466
901255538785428481
120225900901835530
679834162651859905
585274898287169595
506408463368896946
859310549111559525
715844590355787759
995785036117997090
826426083224041826
784546501919879579
939890252542278628
160983017753425589
813511436015701059
704531883679887707
990846369279525094
459906503345134704
930501994758252230
845880765922749606
281113839923198410
145969798639021311
882271526475937899
182735961555503733
673379363099942291
746619261912582618
198999323559378179
319251661005797665
374780762881932515
958853484016016026
650376600227025145
359291819248045756
457728925172174581
402918073460648959
233450862575557580
173473793508737301
324021431934850519
607371634013525477
359110331005975351
258084475980415721
602429390257907164
925182540199247985
889100375417428538
246946982159534544
309522432289773113
435604734139129298
428203509005265445
394025480391659257
886728083528831012
680450692614272450
233964642485877225
538584688496395414
226453538724317032
501131151229314351
226581016644269405
637631717992803714
747641914493705051
288974829748789021
805597863890070105
789923819957314512
360929090127635044
896653825771070437
503395711672828816
119515571852432165
622489785294272669
720137668182761245
249127917985258376
417738194210082255
686384341515007606
730864887703787859
646392687384149740
112000945099370444
899630187602279077
407566864192378990
319802503287652339
785670321309122920
310564405983719431
673213207235974274
921157538967263972
193798946332556749
510209896308096710
173972541271982508
529764150799207672
850700856068548859
760962835430329871
542392206993015684
445668278917637156
523036473190252140
256223117000801251
182431857966019966
440869393273702704
782291897868135286
515752091361150500
659547171458893419
778675154220420389
900568540885379875
739237502764482278
527601612356423027
321455981793689865
723706970719834883
190146057136362690
640814533474079187
327164367353864193
469979302071197749
922333610071369297
995190111401292793
446015667939883851
923545331627821219
403441553985242815
762432023551652053
764740979736983612
336589329069415192
244696598552502259
699542182215403775
621784178457706758
595544491787938664
515941466810053356
650045121633134136
611112734443772384
187825508240305909
726844478693926368
859187553904146362
475344240009249823
971760041452565078
473236841561949098
105754917376680228
367398031426218500
206777905908164163
503457542296916229
648778095913550675
105839399821584397
594446304596494366
751365117518154069
589875938062048595
628057477916845143
874217052403180337
574081898864363062
730016721520360758
826102009272088936
689334143182342594
980141512238240101
656513732386310756
800637786672590107
164609901348326475
812343085093807454
736383689881061480
247466943428171896
153002581278724979
364340801360379279
906287974661162706
823017400557792715
697833635460466216
128573700724994115
299912926634803028
654380084885777849
422118512157558501
458830413191632634
808724550082109586
368531464143029539
973377554238091850
949904213015666658
684449051866035148
362107882359782244
298039585931322115
916287726326461115
557934237287130967
786432283087122973
397431589711971327
191147192107456525
294941058016190851
255433808824863954
381756157998511168
807309629206919713
770089350628448194
979956907654289516
885241198437221419
892423931866995017
192802405831255267
690844131695218462
552393983169416609
133886048703197799
872958230374191705
641313744328213896
627740391201755786
684210567482468979
334753825143290186
662125327786224261
123747159043509208
798631616497290939
328132751568346056
349284522643854105
900236120591650073
823859046035925993
723667830678077559
316094494842329136
461248063498598553
103946262046957841
243910878537177369
351060980708565432
205710629760807759
781706924388740825
333838260124214596
288283350828426617
102571631431744351
538488072180564374
694013499715452162
858780640135520919
527364191355685758
586055241236427943
381181758202256677
417397210767920137
896293777823448573
450222160062015941
428523641095057146
855655805715963320
984611847352235752
182812102311179882
329223135232625444
189347237277662495
277172909221784134
227109430917013478
936011896873241484
678986151275517306
232715185693452279
676328793134845205
239277805242723767
881615947201913870
812930470450132420
145946661279241803
183345527598899574
425382956876974214
474833803564156844
302107545253349449
610441401638024256
607578649877774363
166070039547469302
523908961991739307
320075964359072285
643204876292108640
131538201704738723
355048931345795985
377643224835637975
299409341871696288
796080419739528150
535633827037165989
232691431611245811
807613731511858944
678645739779186387
993138754903914917
347747273068985564
743800776284374231
502879091929465013
199149045316631273
381188602426864332
624130761026755082
189907411088691978
641916724683508582
439388939976536094
116413704815508304
991345572845498115
541489987118945555
735076692998798089
790652523924103460
892229755693206979
258466588837830585
259011432485831829
850442744587329685
169924356190972416
671393650613306745
364812333722329293
587592728745280360
593782005996768239
163847881434379037
197691257444602124
822804130147703889
686863525647736661
990574207449898790
170721443915784149
883105462022724089
547661576997876541
981076570158039965
724478581630144331
844345557439700841
780385559840297642
991524163332624373
321284157516722002
811401012775404883
882544881367863895
131122979598118376
153476375180436007
595750841053952987
634529979907108505
355934326942633218
646245907898287034
750749503336009703
527602141489095356
352612994088773028
492103031931077857
871377979053457537
191015223040629399
258519563881768793
607693636278557339
679337909741671782
179543477501021678
399116094604683352
683692337412477528
898217939556716201
240716127940785622
726929945251398555
396888033491184633
152760861986244746
703086693029002657
682869590485621682
754672092167862555
626070304098106966
409906958427122880
294256763795137055
237617171868519816
989932906591393703
280585125194519333
431967777045027531
425566473979604327
818329124790854490
641217403110885951
300328025617717498
864762243731356186
836588446841260327
259151498268045315
202256875142326849
863674804086818883
284253066386576882
892454686318561498
835080071942293726
435511416841910622
366998047717026821
144174144499317759
651442592313895205
499922575048152644
105527732333697517
861347260002393536
191949087138785009
797176279032405051
478959732772802725
416184434730169790
520985628517314531
879228545103253429
376196009258169090
659578203588768142
871746978218510046
880692631418523903
749047260694866845
127421465730526902
339417978881877875
284311778677015174
803977013074838679
883395397500647110
839043584242121581
869981620055951910
700972719904812148
597533247760327119
570326830012947931
420175605808002913
932766925909056396
451834355735967036
198490202833615224
234168096001629941
216032389337485802
552016050751069611
690540107214740619
950886955927521747
965594825120099334
919508704379978532
851039643989850090
129738349433031798
857595243304992223
889064022383277081
683858716227346309
772455286558323978
232843089711906008
733144464640190441
420173950360709947
982928581161245265
111773268045709603
532301027572814373
272117534325277612
540988808566633111
344657906655914017
106640089434296316
975950223472028248
211954189613879649
754934994894152011
577728866007897074
139249166639214439
568906782772407273
435667487123764546
904074139181050270
742026350905162216
116665074553339487
887646237623461281
195187948107925962
729226985648392505
224333563526094626
420933748444187579
896009773331705354
578069203558691183
432305749730819599
639789726352365522
174397270436725040
591088248226164227
398750620690849724
840774392124757450
255039368030575349
372804413686498218
343031205008529658
918683501059282801
542948197704489109
385336964057822013
195325317547467243
820070044200340833
390024643148631019
659528576150628192
134023570048432947
669996694931002430
303225219603737542
203436775958620861
698980140075962484
201903908280676872
501389682833818779
498950542136968373
423231026721330812
243484506301105817
823960822868235721
855991342359925323
813086520599098092
965067828356513600
514644487630700777
635216959300466467
419079070146962603
831794133041993737
609993251324258602
141027982036588300
351572422038107850
767863346530522941
189148430446971717
304352920237951318
302998323017277607
919504193420383310
888186842303959695
496228273706001793
847615064267152645
855822155095672081
931225920578572220
503390140968429659
461696653227194879
421534445300369451
907489878569177808
896980490630017715
879186423494773601
499720416753826084
348073588296304083
957741426761014831
974536080566972042
418173930004509499
378772972559184560
904098381084342736
536482152835524017
196581896141576244
743734351308411974
268873678730148092
386743936178430411
369308769364738558
959185658552904374
204911545610946542
293673357478003511
896818031543205925
822454659925457736
166187537600069228
891452079933813733
265873183389359316
356932688770309570
950743475655632648
676179587546519808
731326187167391226
579748176289865715
782056475923385592
762251028230719752
344935544550286783
984778018627332616
230398520056971444
615262934036881228
293503346445985412
474245963415319355
671914836507760153
521881289543391396
998134015203192486
395867272138922765
762730902215705065
555323411851851286
263239471857967820
180936359582482423
677641532544738426
871798717279395574
199718844477578843
288503855840278006
227156603137395162
331824342713759737
801387015194255096
504040344774454866
849957810537544731
468814050617767677
482672322663048523
766595932164702340
790599600099272287
695729206789651992
541419021202832400
569626225335693783
387409491238799348
667169041402123921
980911342082702232
352955748034114430
553184890980156712
425721833593352900
513587953614943395
615646018135543570
918699004811844238
744137980146300878
384945617042811837
426070224454869662
683906328208034107
945048847013097704
909852333545115174
581608771461865706
308017805299268546
792603611602730396
754423994893593816
872047367165025790
600308846232066209
147042139098652811
176439499258543312
853840363584396926
138874447805657008
976347156196076336
824810391765062298
528401864650870440
474530094258727335
174119816627876286
773869341566739117
981758459774292092
990866213383275310
782838037836761299
133210158515015264
511094346695463890
150197973305975668
581246720718491830
290279421621110628
595282095790725994
446921426759579193
584261781166612698
668077304970995940
191924981736103923
453600027453825520
929796386370619211
688899601328790913
816835614537029394
785895880518461042
580379891015889413
293525622867722026
415761739954332390
664656519941265463
869541395293856921
981537841944447649
204598178252737421
195823531539956787
959843341099766263
357098081516483744
832249881100927531
666810494159326087
299509482161543177
787391635328347343
808979817461669324
712716883054665474
914363218023381002
348607186489741597
457653648306934732
605032815272846370
563242829864979408
267157056217392482
993374810538970532
557927875540183211
145812472806649913
638927567290233536
250341989316838226
722941434550190889
944891160761027862
740091193229404548
425606460325192959
245252767960214764
157718525905506586
652271792720872136
995920823730181164
999090918951788061
457660415519371995
361988655904117943
608880799104425362
552488798787428630
632147178978477208
847534402362464913
680322238875048741
131460695265019839
198697578753557592
315200599997431650
942327255761737032
982856145661428967
149377148574058139
767683728251510047
404674371910945931
210021535211371432
676738832703291567
136902068767313460
855405806277612603
993801347813604484
529956566368953368
907530748507377642
770716360527427232
373094130049876933
191284416127548898
857414158689091612
521658613920070443
854787318782907647
909023423707041217
163670866678094741
533181942872212240
718029583299381310
584230821289692303
897867321585634981
931551959129060924
686144602768012172
328264167434908754
919437793464815808
459281670684259273
689082615758206548
512177917758346763
239652871882877364
200701211184651079
547758623651718570
733360309383518907
364978990416650073
551835903356964843
294727945547569123
504938748459954290
238451030080780280
753434611020455526
367740286582202383
212922061525319239
465261997389488576
767598740086212032
296441024487295524
493094731819940206
640673962480151186
672234437193836893
265044259592565728
853395270570257862
554433074526972754
743767005658113803
125340310805867565
840083370878559103
939488748700174324
488107976476437063
185164152595441321
352886544916851350
333232347503026178
941845087029066042
768539502775539671
489666152089079225
302729560540667855
383850222741109662
532576899587609857
491359265161750770
948749366384270083
992827850486547086
613245314419640788
601683571090392412
426597453852729321
655652969229384960
499783361597161917
192149589979869547
590966500741753631
841024996054363764
973519977251999620
716166896303212167
245529315609458538
268534592422540503
252912853867045386
782784574792844847
656398660743251279
815679113491206463
352029762181109769
509662165156834063
241368256643251564
664393111218582306
379168459479393640
874024328968616060
559909442229173592
992330058949825679
481966355507638221
957048083254945967
682228944669738927
208911477625919488
775914168067053467
331657625295345797
153113806806824921
406578836643914531
239424588390128988
179430287928803164
796741281436384076
177457106059515789
213685040610912744
404658623154329857
668750444786132388
623127758818188671
771717461663641905
880455801110513039
776640079279351091
822577797548128771
935356640974964448
476763903504144442
354890614963787983
530372897974999589
895681691137257690
132830841842925315
546626005142879618
533184225833675894
261485191974992961
788965130315141443
974489681453956666
931477230759779263
118379044297434649
469677601808849425
877073207440370299
287154350429115577
498179146710180639
455521956855672527
849845159923472978
673732714458197533
108605477893275362
366223648999195564
898555874425450597
593434486689476962
120927191455149319
812050411668069416
180872679046490763
937401140382614722
100499353510833899
218109757461010553
102990540942628902
698486082654244137
796119414861652777
203861911549136114
230538007163470541
824910399977255540
308105249454495103
425712328413868797
446644014327387155
642282608464380111
633890566191568566
548094066578354484
946294653066414301
498609426937646460
701023019252739591
141972823731680745
657474678816389753
372868212817987604
655461217531440474
433385021658256038
184051269368649650
857216230500015129
895326167094863442
823073407962469245
720038715325022735
758384251253364804
232377742314388729
391671764537573808
708528509658812709
473489647495253936
218388284481773994
798796245770909942
225725513037137747
922173833709044905
279488037823101197
173879784121650071
984571330816513466
695971504181742104
118647737333990333
830107077629614778
685829445655537980
282754396868539922
369276064337523606
780999619880459226
801644611499089388
607426355676520971
292533041834405796
263011976587802771
407154399802009788
801776294752375770
823123240753198283
329166392135645649
950058068767049119
984479420942849826
962564016780753103
440423076439420600
620445320885123787
329770188024257780
917954131478042335
737311775621382400
794509101524769394
911620697980937965
785990858517273425
426977605104194980
553179072665217157
322381951308147446
201465765775605862
143536777020896137
237740710569666186
739568122227938694
193888386336096210
817221765780545520
322114058351137267
422957275307603130
263342606917465964
889149556316523382
155537896553142141
934855752554808303
657715806908610511
217192050190274875
859573652132079885
270940160363002326
896395805392359420
868767690193776332
142345647999526257
814364931592280461
261932543646935544
887558241114844704
855606635106816012
123972290131359278
799001461831029584
827237635496245703
630964894118193636
303759380791199032
228571330706291074
872668884392959462
136002375249210091
604423664283063790
130457139116392192
964520370244912965
107987865991815922
672811010596434391
775338322614423364
790533037111501274
811378083189911717
355528767619520467
363074119278497739
725327059934671692
312161580670445187
312557691741673054
413224247909519038
617138829837105747
271137577875759208
893882498950295359
889102854837064882
914606451931554747
700046494429900096
850854336233322830
966434922552839052
211013526140759093
183598292785742009
744747770747712419
583871520520695524
468587048204867482
652242764160917983
333419496183519778
599265323947428644
594996855455540925
384653704458118476
873546536812350495
318763633869740742
192326263547560393
380417696792951625
729972486585592949
878031366126465939
979564072798407519
770306084698117123
519318096150632114
250849657100934638
886449035425974377
785696398465972067
501233970623379013
750983625041110230
492160129125005884
440878273016143262
631268364886325283
345819407933801308
785189362673129214
236878497971439136
794526793956970340
211343855649464174
288402797381658928
628956622371645434
773716658673262408
675483456433380854
429905828142362681
149612849818644769
826126825505551004
452460180019874736
167883400405557401
301626584134161231
635575033830483496
677892292565386374
869359883417342013
660369756539323705
268080674830042991
565225761949234233
563207120661350455
441018558087180470
858221507136312693
240516378524919721
883303489318164900
426949081133445312
567346880180335355
460185619459933090
380938872505055118
730612558483876648
204284944956416542
180229808519509744
978943327146258597
229116778451128324
482046738794188094
601330879416032106
918802625145151574
738971833294932768
292057313399028123
721799070029294379
858530851234407021
763276703710699248
847925688652715761
282460969941227020
136665659903737097
734798447046457916
336912245711404677
758046576530218625
468875502615971140
812549285039127994
213846066560128584
210694159977053714
834921374089060251
388295915721316347
304919046107656278
591829661413468299
231800554951638129
971047045886480477
728994577534962667
414423949230573135
979631016426482756
955866474622140848
622810089301171837
903159081740720937
227578227709594288
663617540056153329
500289969872803316
976806210604207975
909508468914164901
821497673369384438
698956545212302442
977507758816018259
964591585757548649
807945777114297913
425753111779247757
286182549052486233
752483095884809891
389498417437423334
983503529228525918
409594428568230064
439553476269346813
294634794570378532
201878462376816713
187740326171425557
298740927665973876
590898835320072566
704403663254176853
739677132707378181
972894298941419909
157694225645198162
468960815662914766
730549949751301430
118334996725887337
395908815949821233
360081513452042608
595464557302381472
394156479652336764
928498407876890435
409570395772971785
754098470703479646
359162133910121370
588315910805666603
867105413163038309
431110482870198491
440200589726090091
379526916794384133
500168830176444220
710741949204449196
991891058587598283
230142023847627924
696202391481992283
496263375060845871
924496479516020036
298113216009537089
638651773244933821
509557886040259534
680591435008593185
285709913635618396
505091869607174768
151003655917487458
978265532507133409
534731046561723500
510601622715199032
656380599725883649
769768652166321451
718214181614741417
414197584325106492
379998597809536642
569122076126084798
432099805143707503
451541699587902158
850720331406396493
621003686030186272
281772704280222721
901724625444954940
662884770707684092
377974323961131673
282751412573709242
369287104792178299
172125700498670009
544157916167424581
742707737073749264
809352029944017980
202841282764413557
109879793291623680
385161668828922079
518988377945135430
562545631110447477
994117061847259226
499635633375536014
715650570077657475
787000660870346902
893438197488525720
858373205141481254
812535356345707898
972807329934063379
646781818846572959
821225615387262986
882047790163247463
388299758326391448
244865484958726424
100603014032306510
204053261106022460
214013821502143123
499402341844492318
444870204409099001
564163207566475371
826107096002219135
222144051969838147
693347729141057957
659341142030187400
160301021469566505
905857100264192079
685724931574718019
946897408294543932
720135097600674509
315005989908750158
903913911011579451
227192684318216793
190049320302796073
134218128044450390
160660595285886008
280592548122039121
451193718739001078
362569920561540786
487575024570816004
500627990317516841
146706264057643093
189784363182935664
438559923745135786
366082171135651719
402937924473086978
390266207902728051
498589822570496255
418055993251995557
688740417596416745
495262608043909811
594463628064290492
872257411032363311
937300343854181638
682931782647206749
211513560861764769
778564944035196700
611534413901190781
466925654073702244
835507311287744684
185432059480232779
304892906178704964
460382051568953699
878013507726004593
821405081752641565
885297201512410492
615157961716961530
461908573662752027
441651979599324175
384076457707601741
560858416866101562
271835684328807891
811494648184411582
917892584125304081
240830305926937424
791200265608504733
691218132739988523
460223380207229185
977282365777952528
324454660924234191
111886632683748242
190127165529289757
564476075949125273
265296353355075152
742570675453242286
754060659842298904
375931039147160585
516348421690041733
149779880193709193
904555314855496824
652115736416281496
346361299929673418
305452065461126709
914237111534395003
702277381970733711
674682279054071320
467078196934540289
453616304918685520
381441191674355900
194041103470689988
596760393148888505
628772571968793409
851813868390511137
502792504960644744
691429088839444005
949754585218619794
356343972373504294
591296982485279941
583230999618784866
151863346424735336
851643336685176564
246185356163340942
574216948595225730
594601749719939750
610716773317497281
165219603224009271
684904664238085541
697573052493074188
149481824190362100
148411958976597613
671790024207712777
625006648072113023
113530004120401821
611716512114051424
922513241514592815
828139662851030668
989319722904900565
939245281594177399
451396883078801706
534793235810382473
605878029425610378
313218506422183626
301976317009719936
905450219251124082
257596068836112672
623799991261395840
752533697172171447
120847617857902485
371858702084923991
416505870181874414
504115580597544657
487944395508742002
653414476704895707
194008747818553139
233640463423006598
277957002045877648
949647758722129506
850340326210841615
736722428205354770
472588319841209753
285582827754172408
455996935492625288
806621279306109401
448756338268076326
453839316677515762
360672934153153814
386206966947130563
831474481971933497
651397804821576354
405540210917008228
769525360915768206
819806634118611799
426499095274783888
907076532395024532
940942641516662833
947538368495708936
513850482268579942
223605738103935836
369226205044172389
129758866660001225
263210140093349414
802682233294291390
512019750279546077
648495843680014901
853174838072927700
577917627779996753
489577551330397809
739574054190555869
861574302831347632
366752476368838068
822716693181943714
726442306973594768
247458758345522496
967102975491846697
952592274812146702
180706668418383414
809932619435300098
207135111107619027
344586520169596775
670311499470950292
439715289176093582
987162620108688160
628524059930480981
803002214630956123
513549575887274991
780278327269068312
319553273936239387
650959898802229216
567053157665062435
729582731515591738
649105162724360459
752305353467707137
611866830493055598
733483332479829568
847631415655174760
642358606911907938
631660124759670526
263297207484907820
294922855503997105
823537632126405621
434145229569565180
420880651497735786
861916725619346171
566366761960349871
587830634099948553
284764978155561357
804627127466436861
371159376166833814
230496647348933516
807889973272903880
808558494091918037
213817240373828626
177572033136885456
622360425702067980
250416223747227530
905764804610230397
510083412397358196
320123818103395799
503276128092701688
409782403317661099
539345571470998200
959999107982673093
984817714127519634
369491389518604495
736795088583638575
801652168885099770
620651419065144691
129996534462284232
311409210876877426
380522340813954581
516234327673098273
639288635120279348
219531660958690337
717199834634544176
885252687241515009
404708906564356369
915254232772856327
441148690607740353
150638948635219641
203246820872173667
498466748626250109
456614548435099291
458975409802168769
852300404994597203
262213428058187753
131675727631779834
823662764747443805
549236549486053769
513134186807137603
329426909938944580
606185342111378019
924922329925734751
970521678582639056
506925727097133826
591614502400195929
790671654710636961
816401506564578726
967534679100267931
727679352180593229
511602989978177767
829053561337284199
625310215681714287
695955559257968160
964446484999706068
884047897069990316
398610855337800592
230492415210327194
288919573590456595
243528106640761229
660295138897155539
136467812680171886
548893690976518345
703267508252759100
341822843355673475
358111576449677724
282894930781711450
478394281736945604
284599720119295937
407095506055428212
554631663195118424
968598073531623349
163523210338562179
688166205952827695
687272185112166003
668952846830241533
723836181811125469
295185040201674041
591220781028707227
309791708339684596
145757152359920234
317365023035073613
607223960795650367
906001883816995709
626832524658315181
993564465691890176
503408125290503235
613918146059007298
701341066175306429
713333149869828607
506622179945241713
678472168601287416
437599094489101678
563118009396859677
591939119554617117
995977408442290411
935979079717540139
880877853160177276
877711526266224243
837144442991441846
354389033329591974
620185624196866490
390909353151322352
735788147086046375
878290301400504157
574491327117269933
243144434079762286
219117707066432450
288488819378020969
570991500083464449
413319393075764968
461122629644975888
897199200163145917
216206396166094009
753178713652062404
478934286832234315
929947639775497083
809402211964522708
327954308704067697
897815304093353485
917869861375640096
831665804888928841
105807976690205520
784161905299690620
601802846851796935
161358757484117791
580605969797826780
157055064888225981
237146166865578596
957554777334640897
495581464955271591
203962765596633431
797228682771329288
215665638045408592
228040721739354301
978731374769428674
737960926342364925
334581852465551496
945329448546259153
779351650517838910
340478419587137911
497567860959748625
730618974740945068
509573999108077168
986878199259856659
782171005514769858
519041560540727146
303466938748383646
776145758829341828
357589838685368403
827453633207839849
854428936001948288
398141199527507429
820249901672216083
810073228558716229
549762335585007790
908684008387354916
742325089800417729
607363108671056074
482326230751794665
896799979028875515
647192263534573416
730790670615516066
840589395449672954
930552887521134382
416552084814978390
944816117854535305
780460817604434038
749641010862137755
874758603225279758
853874213503646818
826833345810672192
532560951593338976
853834170039124704
606831142377282002
774176825542133227
476820938002879877
953319187368287555
298690282462563961
584044380785511622
991829419124995633
963384226405680760
731046822642099429
864202200944631596
804022448924852557
668338366319854182
423924420315230159
298336904863426349
604646134021349064
130084103132297204
318206967154036595
350197003271754297
591035461481662012
462352231574918497
131321988456109352
805266008405842036
269105611897622780
859521008868018963
276029034222372584
936290820130954010
345555611600525690
704349966313831344
753579692690145882
217319010463992339
841182989580289453
175610867066493125
513655074035250160
965480571075812000
427600748128159797
409157789537588900
652422429613302584
565933272318970236
321146806973239253
261446414303024724
659970904362656498
727842586723852913
750403822071093947
541658497189258476
122764546946780211
297750935356571160
527557840745121700
307662615077871614
797823984669648805
953765363974550408
486989910326001234
697709544709607032
666650445834586383
480775174691011975
452414066133243379
501964620312173094
952931878344589623
299951299537492893
837166957642244628
522683245030659101
113149215733297096
854982568049926025
286951096865193284
359086327027549922
676870270621389195
307124398851099969
781156514912040792
885638875702490251
223195906333924031
776839022559912353
812705018939337521
566324320015558447
703260373583028707
301362198422552468
696048247697960363
936620826524606962
164195902906590851
274011192953660882
116092721529073936
484967295879204244
363429181275851032
296996162074381855
357223040547666098
393624549386676561
557173704612159369
973485517982916778
227569061200041340
704828583214863934
692126157627544762
921562889617000486
846296501550847095
585444803548037079
170691718353172729
631363365921635437
923892934767160836
531101272034061693
731770828807579313
714356073177931122
138296118479944664
435594416731767104
673954352183176418
523401487441224925
838426667613093277
978261792015505022
760410981016308356
759483465928953696
556044093545520110
736651308886508759
461663502438378014
525197014398210103
929266525904397921
687602367996298573
238087526827158676
369475064151185109
179478304127261588
536164888503711644
185767492740707866
756069677175993346
900532223268341262
808756993123286813
353910518905186809
773748690072517921
776412355296906157
835801254971319173
779114559676247797
402130417744363460
561272123867930346
139215669248972432
596811898699576380
795729283282946281
747869962040853985
619266439111888732
116947888446590008
876763630897328719
526768105978588018
467993356220580798
111173209350130328
475282246528588926
836788515138733751
253263742820609389
573100506119469133
338532650154945046
456171152472105585
400138984414003889
137541227030584674
800963817230837890
832459974060084697
546385055579411830
365840673500708271
267897625522226642
222970127630191912
717680442780163234
143024861465291141
399633850868939559
842800913508839174
422923980245552608
781207859010980907
682292610061898110
262472952298711469
155731160413351271
720191993115412570
454356354340867450
230937490285018955
499745842389052284
359068676006788515
754361223388922485
674534247436134501
787693632362504605
966868531326852660
790342703967170131
266698573078965379
289951544888237185
420242727767532400
730159141376131842
997128325936046260
955689286475960627
680038271956459890
161006586565927411
216274664518956570
899238665783168693
745992114230135037
335731731270267537
127469993713723504
933552237934397828
412000283488835602
226380299803640699
986005597447789365
225541795211744457
669742470300712200
265542446904308970
819872395222268145
505746519333572934
253581801239643707
534220541741729731
763206120481505368
811353847063749112
834288444008805447
639087598097734719
436758165868425412
214606745770377394
837669649301408495
184210680850738559
771639124599953781
957610346966292018
358295689720690148
186532057718064678
334372814009552314
621018661870405456
450899534604879031
916299805922876259
903684829438119522
398122656540604567
739159947690644994
317863607180260617
955403649083023908
273162774718264211
542037279807790938
316154543436493639
498055417257430002
538378519276723273
757209018163884392
459525808804617141
832697494728585973
982195591522275268
301959430339508314
163566167335076763
763458832625982416
850613656242387119
303842442821292911
415861167090334913
418845293849843474
335078851686414502
549315439281720213
738472118153841711
397708716698363009
873283157659413759
992874486129050992
477206738751072569
428161531265403007
210359083119132492
256786846465914896
338687580070324249
372606771602225936
924747086255360757
569399494625448619
218129424391651727
668366175195745919
153886895890567108
166990080713261268
141583737972638191
678791460999776803
301202811309576410
834300682254233399
999181222094964604
625218095801734902
808191777774556557
700014969754688941
505053367368979086
698775341585322449
955346843189857742
633965698053307560
149191489080813035
930670085737401924
758706508330289986
242897547029829943
717565105441257230
353694364185781436
227747117697015991
838853945688893397
717941056103374683
955944455043453211
974792055361405708
891418330238822211
690399408994838116
615527105248983954
156074906867618909
918419386309508259
206575145654649756
735780863714502445
337314346591271264
264231263234752083
917342865023867630
422039934378475235
780257809663581590
620684643912255099
871799684950703750
290486442385934562
371296991074143175
296849150904590872
390417544486711750
858466779395683637
117838417625721742
870888599593414310
831644689948303331
683066528253641489
458413448083511113
586612494880981684
284988165511352956
899404705586731733
730850656328090734
366481354187685720
473953597034096508
464934512344158698
612211293775872022
159424200448395197
441805376785667464
288650106946897529
439406972068426275
775049429206421385
480104989947727627
878767334592696421
758031491550526644
982099545547455137
386190649538634572
803951743742015533
917342699209350400
684183913400820526
783642429141414957
471068236113278712
998195354676452961
918830281505612596
902682739114289222
947225044259295537
172720502783663475
694649535080781116
591937795178878958
293554944776115970
295907140896122277
919811174186476722
570145728465548090
638432720097237432
418611238670916507
393369473873257019
803001120270557165
903390987948797316
146082201823958130
128998910337002109
335392203472060506
194735979288757976
149704468798334211
514462729437712027
424574715140514396
141326032598988623
590763003523329671
699391556787700581
139216926148417835
545397762612940438
823863366773249188
346650400954470328
737199751976864150
889734767146618651
711545865276182023
462384478250283028
968585864844010842
307818687829082167
709911128875725196
919593470625443367
251940807759411059
282042245918692217
531135086998416787
681792055582601581
595905121896012863
367120607082246268
210957794221277815
583109376877676723
645990093189843974
407039653736496882
422913564660313380
578429440644295945
373703692946895963
414127168585876435
337989250525617809
853142246482681698
577667582802256498
405024177683670275
271379116101333637
541413408345149190
830227690154255062
846726947085389083
564179660277027379
338437176381489478
117077982466937396
536627059319970478
882745250355500715
358644307997113429
188682883167728205
311750160549534328
558436253394554014
573811917837119384
853312192894420188
465445135514820997
570933878384523910
603850908437596987
730765132767939610
361967888558582468
249136842777992331
744890427261090513
286189816071275516
505263457440005046
984814972453697908
939633858166134696
845942776123818581
808151003399505305
314293522324533902
569716906475728343
643584344707036184
193277770904819216
801140926453783755
966006090802855192
767923539408566840
248425950802730792
120054305414902749
638789768016291392
323262020118617597
536554889477866172
485787516074383895
811434652342143402
278927909992964429
629972027854935671
763882133643230088
707402470188636745
362534836470335312
420752840336481933
506103648106075462
457326699294795339
340650947647839640
426571725925861539
408271530683056685
706503361800812131
932815158104776693
550183285238095705
970645089130827368
459474159985380469
553097773610773275
384822002522560883
752345261223790256
192728988272783829
197537726783970320
251672209140598853
490652020584381826
700502168124062766
362611731085902576
132619745763973404
758422441104146030
854286997499409771
878433302786724666
514765113592389090
907666176058517229
391779406770015564
175325408047969774
221195996540858116
145701847214499478
329197433715385163
274019039052652388
493152551698711139
628029506647395972
403204210752472532
601176575017720355
364457378823304642
161485895858234208
202246780987761384
937566992832587557
746212437882640942
261753177602835049
679982304924123235
210391564152538364
194817919175664006
268436127575932111
536642826903081457
290490801214711137
921468558145102241
621706634800757173
541459696691255198
622644484434782483
512497936827363484
532338793686373567
861836721747167004
477887592099886028
630755901771098278
996523451192413890
280426226924255201
553523710407347415
278022645132614394
380114984144762163
805874826941340021
967523301100324293
125904576104922838
510965765746547979
400911943759213144
216388035557767670
349047387763025777
776103117228589019
230754490325950825
751741154138418691
203756699596640937
545698480418035336
295983900406253941
948618350125471269
413620113001218281
309744832233099750
279872687139063657
279747478316523638
411272659102675921
248497400230687397
533873156056338712
219557283574155453
640907490735542827
290587871388921094
955707366165707581
537792772374476558
428805269477335072
204344989640891268
164480451630017388
766305089605725455
840062289661720098
758076241734305860
406888789023346207
180891317043355215
579748059004617387
708566125922461842
314944940728801804
222303876086606684
797825771181710389
293070068944127158
870080804822462167
380397960280451890
481219055830287911
416079788955637541
341122903568676357
575252142504091463
426720696139888144
325166663479294719
892873693564879184
852174547096152170
150877288422487185
929653896289137552
521646887061756296
605461314936551965
489774817581140872
606250125898397009
386811377574216355
296149054385184115
834007877964080345
467828894461861197
321140963137023668
152214785439826573
389881178907676188
192180240721566513
448004330872881924
265622663052955605
715188881480986785
452570551887249885
785816028978876593
336832545283295225
500320354043733559
392732568161083813
848707382497767675
619094460843258337
302547205056799387
762481836478757711
766021962410416742
494436338048653464
113814906038149998
810837710804735210
789002275352939339
231702277920964096
647409270523242058
717661312002025296
508374435649452479
629622319594192718
139501633521499543
967616701529837806
920233376936120325
585077700785782011
100096952545492169
355714096578480476
994602505146694349
271129637694617808
807752960331113581
737753180318511548
255576046474684899
230823045351334508
770205918281627877
549765885500528235
821504709555852088
127068097606166252
629601614703002952
840980553712219958
202134578369626299
422473493788103941
852486920230149382
905212175427336971
320562167001916025
352249633808842471
760712840817732518
485670651023788503
678692216144350214
290831433811429095
552566979636464947
878992983630354394
391763390178485192
624434313479506861
666490447386058659
225804423958698555
720145415792237217
432017625893404315
505535050455327190
267577939066668087
271885391924064516
284799280471745850
182262062354837809
389659511567190157
149549842580037775
553305421443466739
891527128916789553
111626669946168039
268136483640017855
763893742302367568
702575048715816661
383539133471038177
687847172354312610
848616006313646084
860232183415451131
818549326081618012
289840964610536193
401152481820426979
820397321190474462
732266890243266404
464610849214190340
191633797980246245
819136875054637027
136201549747784864
744905504862071072
824896746932632923
350178991628157931
434088638566908282
370003858471375600
700166887636059036
637631395821597688
463280857650483604
774886706373185404
599934941647370772
395201408466991518
114792555541057411
888324761021550943
918242243271306567
662632924065494920
324516775773539443
989281589480712621
987588089166537472
607359320386873980
661787631859410906
655029752209065901
589159145519564673
790966079849153602
724437681821425976
943268204229346790
966444193767672734
151792177734287901
835783489716809010
767484680996853208
570217184535777362
493806903402990590
181131076988273264
720031871894574756
239126122971067490
169726815257608059
326870224634912578
444610990096593402
309320032233351818
550855624898912575
109445691902448492
424553200434369784
914773910163857565
662752536866663726
934193865313873055
821856653149549679
324316490469346076
930233504787200895
324292727265788399
254328782254929783
464746928031550465
793752522874801965
178655414807809508
723277737415358202
388126638941993749
652412354185398451
343457267135402916
717051037142247877
648980267274484417
587139804484895638
893588489525413811
425469761162269224
522833655843532753
574160940983777465
591706777822856093
559221958321736236
323297983695562068
644273429930371730
783334043924603190
817898549342259335
343570547766012656
446779887022327102
104909607451141784
791993113350619134
263275956141775509
401886094027815539
468560489019374009
306551763791762664
677764746510150725
672869947109957760
893887084280395854
463379653035692518
314359445730518343
988760276266217429
884778443588749457
887656203657549360
342679300963279079
975788293914546307
904267487476803061
241812335416133791
459340879230313839
194313266246326806
376938486429950821
270788198344730147
185765509037135150
448467973409842353
715151588773335050
390620273628095461
813325453585366472
911532739198668057
910523674111840996
973913815725527629
876807956922021209
896114510296962615
914761483714920230
215786745235763687
599150307094488731
503080337156785029
357909795296598500
877438813348496237
419538714518399009
493914776980359742
364426154919234892
241093437287152115
400094099821834879
744553731406873724
504249214441320931
108418600432430998
238822923100633813
283577380250699434
896408261195256900
947282204813682312
755504197562569870
261515552591328434
942467876358234917
286207293997171923
765938163801107223
411198943585244376
865313471032870543
663785523450589654
430996087197585452
436991192236920759
863059829856887709
476913987838594220
986499339946288526
358115969167515994
107285088285623965
882262032672255994
950261141393321558
182711845024383896
733685936439256139
105654952450265706
501687854001411296
472733508408672676
531961697027875011
700939975919815226
625960328479440430
767063217559623782
378069968438881187
883052155558215567
833507909390065374
148579278192785375
539573212047495954
242857174207564718
818650393506727551
334550125794687288
771332813324964201
853989756067270306
239069887748778210
196697835342779882
727466598126343235
506608402119877079
476553357450922559
342253638437205559
768209862389994026
492938769312734926
900085573076001606
276903420367331386
238114682169162356
818615601228138974
848427599067187441
130469400533730062
624365377459184271
988813270938313216
135543227163724297
827307620348069343
155260961532142066
186254709866939545
576448168391364788
265651998574039181
863130169358406705
645097144436267712
621900229675059221
506064953939628662
291630619705878885
449209822015255945
160565862173984402
491385727478120465
919238788905528293
390909606718551574
551272048867848141
795375737313857005
964785741809492287
793406701342145109
245647013304739849
148159465995838255
312354373407493970
247279563621937483
836702609841932365
847225746831078281
924637429445881140
990064138668817960
438479785331595759
881069320516538954
513989004793604620
582849253440400096
171878588692856781
599247967093491984
260507202933104167
315751782274638925
326609743182710726
805765355524989285
301319602704723307
570983207707831091
298700939243211246
876984785811489641
545137404619540651
858694518966180429
550881114326405667
813656712917837154
631444565890888397
911708559841407115
435742455233188951
818273704916728615
762092293901436292
300720559702641053
160707352175457630
745073908375717846
607652150068956417
192558991502517469
316847811842905334
919659435410294599
815089819370631245
168104985591398004
238168675881440524
375486575102321792
816364603169352907
901908707620309165
185117294573099684
369079019820629965
826173437821069888
186478583072104620
603021544118625625
257050836082318051
606637297674809270
438386662546020537
932171366510208893
516827002577346889
145796209740971124
405963688677009550
310233559097954172
821872147272960185
567843670466637223
372411291600596947
189694086615647750
410268089844660296
815031532305921814
256666631936820426
163854892371482205
888550821700932023
821148286766125880
963967475326344569
414167588736345522
484522391715175711
120409508716270976
608156614077843899
730636888195102153
155344410726567585
757781544004905145
327227870022610842
297919555750688957
281446278494543861
717576367841999881
791796519045908125
537325999610101224
311207613540282271
432239974387306701
661854477177629307
496904053646462652
508272278536135467
301736951775959999
826378035551804675
188614228015183847
113026080040184069
663089510461427082
946492941285214129
424357862277161687
937681289142046671
939434578219199188
819463517180756169
996018561066734233
868620374561369874
926221905389045608
664455653274114847
751388781466936889
486431579173403156
978457701562350864
639985128083614274
402570921776936171
359126735640095620
794453894251805315
793495355288871625
390035481995995748
806985069665724045
207543759819094666
192000476526016970
246872104549884144
612208552615705920
279775211852674896
865570993451670755
661288897135343180
990851828585365184
432604004465185002
400156769148700380
212948885961600497
741939023648043323
874101611104208370
497864133531539572
464029288456840408
105694516772725452
764940178441093281
573755645021783418
427048661614325963
271063871093724524
736014899682322564
330097520435576076
215583606878506594
759882341358556578
733316209109968273
835102855412820799
468557456026445607
809143696941493183
582370762820048341
395248006944541559
798536602719258919
151296834326923421
749047651152956000
491902573690404837
245578772959758667
494196797848643717
344582964614601256
898469812697974110
903829050289586018
682748610587336605
704780072922037166
286866588565591698
854028699630231502
249762333297803942
568266997258098353
557576813241196224
159281564625402094
222730321986688056
971078262852491855
572056081768699028
107337970498411686
698837492182930730
936722309176850681
933028644255240313
258239366937304410
486250567075275674
509217127803060038
442935995284926391
323303332062565380
370282910762965145
191209224556733136
425779371882160403
441652750803786180
427698867432476708
565778270095986163
806415267177201981
982962617931599784
817078492076351526
555205666304591284
225191388891940887
586940002111778848
659126432040978826
641299542955153875
212046746491927306
645555643631344892
724967350955798961
939250402076189536
696826533347275736
282330752162636957
362426063712437506
692445098066707713
447306667561293124
216366915187027702
366969962875967400
816911831532766747
603439721996978068
291724496820346086
439542207299578361
276562079592864232
854738365110776737
997309628832319152
304686579783114207
843233798485706091
930549097408422604
168394123348111407
794536594759368409
251389072076233215
470848570310413981
898761275970096714
505519322551443614
320574119024997799
130089512315684967
997718095419931417
833941284705057588
751636066435145094
280285967197916840
453704012416780204
985618652867722800
767446776772164551
435095425132846859
327950887774021431
465072556226031786
997708894875429875
252215501174677626
884536146707499540
722696919683591313
942801227561848331
426301674910599860
342237765681024643
102106955222061206
158352160977138904
281796871837934434
664258768550708927
503857811946602560
594022101897733082
892415054057889606
586185078533913758
514057541960224699
973991504374895999
285124259946606252
470510980357201783
831090709660255588
621839563737253483
915712990315111809
182225805606065676
769635895227061412
242426071784833416
859548132024996211
372376896994674249
610634585864150020
504893706645831930
358162244901661624
576818795197611156
358441669154866239
207176598807320659
145585828241291229
188877645165239705
678601295812426309
385885901006752172
452526627190829490
203269242217078251
156117242149009935
464908046606015643
912455617868163583
567731287433707598
947392039413951576
958659685188368131
863565189413265900
732342699209591792
339830011326712188
478561970875765364
787414465811444123
910282850375343532
735757989326378326
455622012418305795
541891344095642463
961152841149132168
763898345281031001
283673156907011450
973306307258530766
757523579972781912
623201611686590616
903790884260840023
393698679056000693
823493370669916951
202410363841414112
748853735096432997
385799902436141000
198403415184489092
483951967647440926
101477353017186860
465451642668946966
468281665339384986
715651948819686517
770285449339313833
557019989662045904
194725668430697021
624484746591853872
602748818257159204
579640709167810751
151616058780004180
761811879040466909
748668123623718547
381054613128601732
462595143857024654
313133559585914439
356091669973201120
392404432049588266
438434341166321229
713022576842325166
396784606805576517
370302343420922845
968602797950443530
781400761830750996
844259822362378266
667276323304480999
502438439674179907
268266966467278945
782379785559877620
940506047151771340
226569456101724930
939145476101728074
216216090006029100
562123473279436727
241833966598735674
931534613945578047
794512946521800417
448737099871454694
621938174274786100
795419116203786729
186111768873898686
312171283690413967
536911636310900774
440371608547507739
761152602802594963
169167438248986946
392540264613107170
771065015100733870
512888028471924734
862282350822276387
409670935362675198
415976606790209833
369874805569567652
452430864657412041
829954064811909132
564401305027741403
239113867470161512
864168696060605777
541486008801424841
928488274800466159
855275896560171827
252008324919032308
860771656180182665
543905199690257473
249622666178693259
290704685257870334
754798779579929686
466712940138751879
660225547539693846
602880371874986926
722103389602073048
346740846295950741
347056787161022566
993839957300243088
161094667069360049
543721626283893948
469694284850321861
511432468278931620
662426329895681097
265381571908941134
260114483279074394
895218649908164422
847921848506304952
315246671698568265
966814903360806595
348735629193243523
660831271130751676
704488405312891472
162303219064359575
182885989311755514
835461317533207612
693952494169176841
109055121623362091
345112971174036742
622640191474279282
525353887039300632
193187023609304400
946381442671926286
310265185812590224
876891567142578646
232293898888315280
758620684518922918
593879317506245442
455034525404626578
133409980442734094
834597893174583558
455010139124739170
478026424272672994
776441379307934027
401873132072680951
904195504126787213
498372647476174434
876695457536781025
384774199948729794
878641737143114509
732018890181218079
222269944313586182
224724571489543606
294280530600610814
319426043378284966
144392682742598005
573260328718107053
214132064449820616
811119904878137130
921624182703849739
639233780115738815
690092967772928470
833174177446011755
430332408180222257
188825118859192162
222370375426141895
900531842694127763
571883819401364880
775418638711494887
366979210453496466
611460465397255228
647166942640155235
247989799957333889
377211974335797230
117575384251137298
527865425069013952
407693510655152412
165312274726447025
978867026795513576
396721603185192362
461435794751040930
426707688735562436
816127864169341371
429085162698034169
318003589286262647
955604697810014096
162288768365962730
839257240037932065
951961107079003754
194076229044612328
443970320780078273
313648861860142628
930486771201426842
335629093105289281
997952797899517150
593046427793545227
309203282883227352
389123131482490516
128193873381776237
557779456497438165
176761181332188958
528864338114405889
444553135067812276
802711898648243866
131036363857486065
227406607581473825
535208988500734760
804787536114278581
782665677712899987
147042803999288304
473140046959512117
360565477100693576
708410887243667181
720438361559862893
847007429707451380
677458330269373091
910991372231346728
339907179834582577
147413546396887540
227720461927006807
198869949057241796
212855169511669937
305419947135317424
321915218122463710
673869153946399209
343264643132844170
869919230362032552
963432576112070167
664444368777605651
341471115500657645
124266518209834069
264588656138275504
334638956585265306
232486391742031114
948239378154933065
329162406367371880
970717652039931493
770388058429188842
260871681486395010
954802432017704476
628122943893541663
246446147487983290
432938051947931612
736793735319238329
375812076341219932
442589430006548694
869032568426406747
423241338843396930
102967318206292668
669232366269247487
112276347526106519
301424522209258913
529348030297964616
120690942434991263
269035983509407802
842090507407985025
981201854633642717
160668181905085644
766293245473227010
358723596374233619
595364408403006796
111014126997728259
413102466211429701
165549513308212976
279985063386345729
623895780955109086
539260019713927965
102216925187851577
522352610645862865
834995153847853736
670541609701940671
889767519502943428
142447802880660201
243465946918949952
871339228956083937
230499559188251558
784022623476209461
262908890892468731
950992136686927091
199178002372667697
661836718578368218
518507070618706205
327145922451812672
237493937177174119
308870766154071786
962714734427479619
425079990749939092
378902297741144854
125505462425728407
703526624670336043
508236881474790967
421848696382319377
567607278268606316
565520420382127761
818354551014395880
884631384547600995
328871232693446870
617996151882510417
953224802763836597
869489523573978252
113254743795942541
683090807810057298
257732572527395233
383553950530660472
206948700298378921
986065585783711515
980645948430476807
635913228376676424
896302454636420179
438586130351791704
217691863082358672
761164683122273617
493122429262184439
216392983667637818
804551933766544229
203298442201501531
653577985592968141
894360352369137576
159955490450469395
549760736331248973
665012506070387212
624709500902522338
829097680769166586
967515304923706344
641591558424493618
344364065312286059
536069005871398475
999231571484621668
748787740717890872
705225032334056046
301764553326263736
922860006650328932
613560572587410044
695647509731882507
127594219525577110
572996808514310991
535678491407315642
687225594098916712
808618119310364530
400033417363414761
631679469620489765
380602764885921639
260420845721045077
927331737937379698
497284055588424343
806799149797702444
794563898572898363
927923520340383444
287284739760908476
313359784040251347
628620419395383812
341005518033249169
370612545381677373
319905631039695052
205186079444966430
885432931380861792
685737554655247776
252450993724788641
980514915599822876
744108095989497264
212535077943523593
514512518855124020
411986614449282873
919916519461741777
607178295621794292
351770063037830379
597486107187074570
144120810728284391
850732148529640437
216798329021932812
