13 25
79 94
15 63
40 62
62 72
60 91
20 20
4 45
60 76
5 41
46 95
29 86
55 98
16 67
44 67
3 87
3 81
65 66
337 948
643 869
486 751
299 631
170 901
153 553
460 708
679 810
267 849
472 555
760 774
305 493
21 333
325 442
365 960
384 692
318 799
271 968
535 678
787 915
438 984
333 829
221 317
193 870
430 533
38 950
468 532
429 544
776 787
534 612
296 636
621 863
503 983
33 861
5 456
146 866
493 956
173 252
245 480
62 976
683 753
841 923
54 216
193 239
789 917
260 494
73 900
15 328
748 793
17 936
775 866
76532653 502591324
431316823 448550402
600907975 806935200
588055805 813452346
113679056 369498331
114092307 875515894
349256925 738197642
359638851 482358966
499512577 795337024
132980014 495110471
299067248 503230821
362878443 668241107
139079045 538094043
468985913 551161744
649688152 764285324
31 48
5 810
13 111
15 895
95 974
96 754
99 532
96 594
34 268
77 607
8 709
84 554
53 967
50 644
61 602
33 593
52 886
43 303
4 497
53 993
0 320
17 43
33 934
72 346
65 320
99 439
34 569
51 677
1 142
8 576
27 458
3 322
48 682
11 712
91 424
43 875
29 578
45 905
4 431
94 531
14 54
13 555
24 729
75 850
61 751
56 570
16 113
67 513
17 161
31 487
17 760
19 89
30 128
36 829
81 323
21 287
75 612
54 946
55 87
15 621
33 547
84 203
10 536
43 310
36 903
40 418
82 290
61 98
9 400
59 361
91 693
99 142
5 220
79 765
19 258
52 870
12 369
15 613
71 821
64 469
13 334
95 241
94 947
98 945
36 655
88 235
40 257
55 280
55 909
52 103
89 600
23 31
99 968
26 841
